unix_utc,GSR,IBT
1455122885.5,457.07000318250886,809.9999999999999
1455122886.3,460.25866605023117,809.9999999999999
1455122887.1,463.102521369953,770.0000000000001
1455122887.8,465.20292807238815,760.0000000000001
1455122888.6,467.12669746055803,790.0000000000001
1455122889.4,466.44043313027385,820.0
1455122890.2,464.87853372035073,800.0
1455122891.0,462.9418073029569,770.0000000000001
1455122891.8,462.52481487847433,780.0
1455122892.6,463.2959237552774,780.0
1455122893.4,463.617664250209,790.0000000000001
1455122894.1,463.00660215097537,780.0
1455122894.9,462.9743609540827,740.0000000000001
1455122895.7,463.9080370722866,780.0
1455122896.5,465.0731975292667,800.0
1455122897.3,465.6911079629865,790.0000000000001
1455122898.0,465.3980452101085,730.0
1455122898.8,466.7663258341725,809.9999999999999
1455122899.6,467.9791407858305,800.0
1455122900.4,469.13457002902015,790.0000000000001
1455122901.1,470.1904807370401,740.0000000000001
1455122901.9,471.45430215134314,740.0000000000001
1455122902.6,472.2924771093194,740.0000000000001
1455122903.4,468.7044568651223,770.0000000000001
1455122904.1,461.9476417622592,770.0000000000001
1455122904.9,454.70342965858003,770.0000000000001
1455122905.7,450.9209589092808,740.0000000000001
1455122906.4,448.6419096393027,750.0
1455122907.2,447.6190669407014,750.0
1455122907.9,447.5911327992568,770.0000000000001
1455122908.7,446.00125114796094,770.0000000000001
1455122909.5,444.1586922891954,770.0000000000001
1455122910.2,442.86329071476763,740.0000000000001
1455122911.0,442.3917084718213,800.0
1455122911.8,442.59544952840736,820.0
1455122912.7,442.5231502359071,850.0
1455122913.5,442.8340509369442,839.9999999999999
1455122914.3,442.1569717191262,770.0000000000001
1455122915.0,436.11056402620795,740.0000000000001
1455122915.7,437.57326081619317,700.0000000000001
1455122916.5,433.39041936974434,800.0
1455122917.4,418.4018308449904,830.0000000000002
1455122918.2,408.03187167564784,830.0000000000002
1455122919.0,399.3323945814879,839.9999999999999
1455122919.9,394.90726954671374,839.9999999999999
1455122920.7,393.2750810518831,809.9999999999999
1455122921.5,393.1144485967423,800.0
1455122922.3,393.90483876074137,790.0000000000001
1455122923.0,394.0654319045615,780.0
1455122923.8,394.4867903718435,730.0
1455122924.5,393.69513672340753,730.0
1455122925.3,393.69310480946746,760.0000000000001
1455122926.1,391.268356411032,809.9999999999999
1455122926.9,389.4412525212005,809.9999999999999
1455122927.7,389.34837792076485,820.0
1455122928.5,389.81458105823083,830.0000000000002
1455122929.3,390.3303896464295,809.9999999999999
1455122930.1,390.78692790932547,750.0
1455122930.9,391.2439938586105,760.0000000000001
1455122931.6,391.70645362630853,760.0000000000001
1455122932.3,392.2120272655777,730.0
1455122933.1,392.7422890357528,790.0000000000001
1455122933.9,392.1902883735477,780.0
1455122934.7,387.651795245409,790.0000000000001
1455122935.5,383.03933497841683,830.0000000000002
1455122936.3,379.7455028982649,770.0000000000001
1455122937.1,377.98159674221336,770.0000000000001
1455122937.9,375.9127088419482,809.9999999999999
1455122938.7,372.8006824992086,809.9999999999999
1455122939.5,369.63990464396073,809.9999999999999
1455122940.3,368.72016031414256,790.0000000000001
1455122941.1,367.96523989978937,809.9999999999999
1455122941.9,367.6409369736613,820.0
1455122942.8,367.8250511227912,830.0000000000002
1455122943.6,368.0279053899497,820.0
1455122944.4,366.46831922948434,780.0
1455122945.1,367.3585823129277,790.0000000000001
1455122946.0,365.9677875398438,809.9999999999999
1455122946.8,365.6050113523314,830.0000000000002
1455122947.6,365.10370572855743,830.0000000000002
1455122948.4,364.9256740830301,780.0
1455122949.2,364.62620226646726,809.9999999999999
1455122950.0,358.4875943242907,820.0
1455122950.8,350.62594849454734,800.0
1455122951.6,346.4725990273996,809.9999999999999
1455122952.4,345.4837733937252,780.0
1455122953.2,346.20053967669884,790.0000000000001
1455122954.0,343.54417029119656,800.0
1455122954.8,340.19566086574764,800.0
1455122955.6,336.8593181427492,800.0
1455122956.4,337.7558841748187,780.0
1455122957.1,338.9506177359149,750.0
1455122957.9,339.83032903627134,800.0
1455122958.8,340.1679195744806,820.0
1455122959.6,339.79674987489096,820.0
1455122960.4,339.5547723621005,809.9999999999999
1455122961.2,339.6915285449255,790.0000000000001
1455122962.0,339.9864315352345,790.0000000000001
1455122962.8,337.61193621670236,800.0
1455122963.6,334.04154318701205,809.9999999999999
1455122964.4,331.48265490926553,790.0000000000001
1455122965.1,330.92507434024293,780.0
1455122966.0,330.9082789641638,820.0
1455122966.8,330.9067625718198,800.0
1455122967.6,331.33536681447123,809.9999999999999
1455122968.4,331.73203836876144,830.0000000000002
1455122969.2,332.375531616422,820.0
1455122970.1,333.0559331061238,830.0000000000002
1455122970.9,332.84988299804724,850.0
1455122971.8,331.6163265182064,850.0
1455122972.5,329.95682415828867,790.0000000000001
1455122973.3,330.35850319890244,750.0
1455122974.1,327.5433106420181,780.0
1455122974.9,319.3516713412497,809.9999999999999
1455122975.7,312.78889512858797,830.0000000000002
1455122976.6,309.7238639202209,839.9999999999999
1455122977.4,309.0628737191499,830.0000000000002
1455122978.2,309.7654069206925,800.0
1455122979.0,310.7050640229721,830.0000000000002
1455122979.8,311.86810181104784,820.0
1455122980.7,312.188428319744,839.9999999999999
1455122981.5,312.24659031241316,820.0
1455122982.3,312.52621612244235,770.0000000000001
1455122983.1,313.3186294799418,790.0000000000001
1455122983.9,310.7328023090853,830.0000000000002
1455122984.7,307.53753600147206,830.0000000000002
1455122985.5,306.4278403729408,830.0000000000002
1455122986.4,305.9978717513271,830.0000000000002
1455122987.2,306.5466596908313,780.0
1455122988.0,307.3535052591625,809.9999999999999
1455122988.8,307.56555105886173,820.0
1455122989.6,308.20444330360783,820.0
1455122990.4,308.7339745569367,820.0
1455122991.2,309.66606561806077,809.9999999999999
1455122992.0,309.4922328200936,780.0
1455122992.8,309.85250487548814,770.0000000000001
1455122993.6,309.2067259211272,809.9999999999999
1455122994.4,306.0261220472192,830.0000000000002
1455122995.3,304.58557402384923,850.0
1455122996.1,303.54713228855036,839.9999999999999
1455122996.9,303.3402853033772,800.0
1455122997.7,304.0300816026272,820.0
1455122998.6,304.627962775898,830.0000000000002
1455122999.4,305.2578473751015,820.0
1455123000.2,305.59221464909285,820.0
1455123001.0,305.5769148369945,809.9999999999999
1455123001.8,305.8456955539495,800.0
1455123002.6,306.8025044403935,809.9999999999999
1455123003.5,307.65008025544165,830.0000000000002
1455123004.3,307.97736670574625,830.0000000000002
1455123005.1,308.1931177543635,800.0
1455123005.9,308.6910262961352,800.0
1455123006.7,307.4228714050182,809.9999999999999
1455123007.5,303.2714243495953,830.0000000000002
1455123008.4,300.185950210475,830.0000000000002
1455123009.2,299.0126136015422,809.9999999999999
1455123010.0,298.1162150527315,850.0
1455123010.9,297.5654836493032,859.9999999999998
1455123011.7,297.54629453459773,850.0
1455123012.6,299.9141202618061,830.0000000000002
1455123013.4,299.2065617158758,820.0
1455123014.2,297.63927039490426,830.0000000000002
1455123015.0,290.56936039240065,820.0
1455123015.9,283.68079075824437,839.9999999999999
1455123016.7,280.5526613017749,820.0
1455123017.5,279.7538682638318,820.0
1455123018.4,282.360101946413,850.0
1455123019.2,283.89747455457075,859.9999999999998
1455123020.1,285.8821957951177,839.9999999999999
1455123020.9,287.54884900122937,820.0
1455123021.7,288.8309502444262,830.0000000000002
1455123022.5,289.40633153981764,830.0000000000002
1455123023.4,284.1890537927708,820.0
1455123024.1,280.7432058154953,780.0
1455123025.6,278.1308059447498,770.0000000000001
1455123026.4,270.5576087610451,809.9999999999999
1455123027.2,264.3235596740027,809.9999999999999
1455123028.0,261.6983073871874,830.0000000000002
1455123028.8,261.545674887342,790.0000000000001
1455123029.6,262.53412204131143,770.0000000000001
1455123030.4,265.0902984439849,800.0
1455123031.2,266.0755003590894,800.0
1455123032.0,266.67226396724897,790.0000000000001
1455123032.8,268.242556042817,790.0000000000001
1455123033.5,269.8666697528733,750.0
1455123034.3,271.77102976712115,770.0000000000001
1455123035.1,273.0045787240612,790.0000000000001
1455123035.9,274.03680871241363,809.9999999999999
1455123036.7,275.0336649777209,820.0
1455123037.5,275.8861954286041,820.0
1455123038.3,276.9508011502757,809.9999999999999
1455123039.2,278.060622731537,839.9999999999999
1455123040.0,278.20154438852796,839.9999999999999
1455123040.9,277.39023298981164,830.0000000000002
1455123041.7,277.06589203000425,830.0000000000002
1455123042.5,277.3670160503391,800.0
1455123043.3,277.72601230022224,770.0000000000001
1455123044.0,278.2686810708024,780.0
1455123044.8,278.1421476594738,800.0
1455123045.6,276.9300421962611,790.0000000000001
1455123046.4,276.3658122974511,770.0000000000001
1455123047.2,276.62947765349884,770.0000000000001
1455123048.0,277.03367630486747,800.0
1455123048.8,277.505593929251,809.9999999999999
1455123049.6,277.83959709324347,830.0000000000002
1455123050.4,278.37506252617567,790.0000000000001
1455123051.2,279.319877371451,800.0
1455123052.0,279.7047303804754,830.0000000000002
1455123052.9,278.7928648356844,830.0000000000002
1455123053.7,277.7954507248752,809.9999999999999
1455123054.4,277.59723745694,780.0
1455123055.2,277.9441434653541,770.0000000000001
1455123056.0,278.54997156699625,800.0
1455123056.8,279.0739108495764,809.9999999999999
1455123057.6,279.5170260843184,820.0
1455123058.4,280.21169251179674,800.0
1455123059.2,281.644732894814,790.0000000000001
1455123060.0,279.2130002650996,790.0000000000001
1455123060.8,269.3322691899993,800.0
1455123061.6,263.2395898768815,780.0
1455123062.4,260.3320254542051,780.0
1455123063.1,261.12423554150826,750.0
1455123063.9,260.6765148601696,809.9999999999999
1455123064.7,260.1877499061846,800.0
1455123065.5,260.4353425695441,750.0
1455123066.3,261.4424858708612,770.0000000000001
1455123067.1,262.752061642114,800.0
1455123067.9,263.20176877547766,800.0
1455123068.6,263.86347484896845,750.0
1455123069.4,264.9661445318806,740.0000000000001
1455123070.1,265.9261218600538,760.0000000000001
1455123070.8,261.5755561729361,730.0
1455123071.6,256.5486976043335,770.0000000000001
1455123072.4,253.827309083361,740.0000000000001
1455123073.1,253.26763455517025,720.0
1455123073.8,252.4250742187681,760.0000000000001
1455123074.6,248.87140111238,760.0000000000001
1455123075.3,247.1552739560172,730.0
1455123076.1,247.560183753474,760.0000000000001
1455123076.9,248.73229218215337,790.0000000000001
1455123077.7,249.71918374682446,800.0
1455123078.4,250.7823532700383,770.0000000000001
1455123079.2,251.95683808883481,800.0
1455123080.1,252.8254117510097,809.9999999999999
1455123080.8,253.9922247608857,780.0
1455123081.6,255.40349227189,770.0000000000001
1455123082.4,256.6309165715264,780.0
1455123083.2,257.7126193875525,780.0
1455123083.9,258.6037346741777,750.0
1455123084.7,259.6496586053515,790.0000000000001
1455123085.5,260.3695767936367,800.0
1455123086.3,260.5645642096998,809.9999999999999
1455123087.1,261.2479385046191,790.0000000000001
1455123087.9,262.00651007023896,800.0
1455123088.7,262.6582087357334,809.9999999999999
1455123089.5,262.9280550016373,820.0
1455123090.3,263.1753815988353,770.0000000000001
1455123091.1,263.5400646341074,800.0
1455123091.9,263.8962927679659,800.0
1455123092.7,264.4391501870473,760.0000000000001
1455123093.5,264.8692912050509,820.0
1455123094.3,265.081845457952,820.0
1455123095.1,265.4824356552676,780.0
1455123095.9,265.9150237161296,830.0000000000002
1455123096.7,265.86347467323935,800.0
1455123097.5,266.4698003379094,750.0
1455123098.3,266.9589505709836,800.0
1455123099.1,265.0276109748881,809.9999999999999
1455123099.9,260.10714306854265,800.0
1455123100.7,257.399715058176,790.0000000000001
1455123101.4,256.1872226878661,770.0000000000001
1455123102.2,255.90374762707802,809.9999999999999
1455123103.0,255.9422689490711,770.0000000000001
1455123103.7,256.83843312946306,710.0
1455123104.5,256.78074581951597,740.0000000000001
1455123105.2,257.50417107299273,760.0000000000001
1455123106.0,257.3737949823815,760.0000000000001
1455123106.8,257.4247079996121,790.0000000000001
1455123107.6,257.5844412413212,780.0
1455123108.3,257.9714356543995,760.0000000000001
1455123109.1,258.7229041611092,790.0000000000001
1455123109.9,259.3786168715799,809.9999999999999
1455123110.7,259.92346927418356,809.9999999999999
1455123111.5,260.2067324235054,820.0
1455123112.3,260.3403922490689,780.0
1455123113.1,260.94166613782284,780.0
1455123113.9,261.6056859367884,800.0
1455123114.7,261.955594814059,820.0
1455123115.6,262.26607641451653,839.9999999999999
1455123116.4,262.6326892077203,820.0
1455123117.2,263.3416595947264,800.0
1455123118.0,263.92622431265704,809.9999999999999
1455123118.8,264.12630623966857,830.0000000000002
1455123119.7,264.2093814120284,830.0000000000002
1455123120.4,264.2812093667829,790.0000000000001
1455123121.2,264.6501024312829,800.0
1455123122.0,265.3349394041129,800.0
1455123122.9,265.9476418340654,830.0000000000002
1455123123.7,266.2763560357839,820.0
1455123124.5,266.52312774263623,830.0000000000002
1455123125.3,266.8428278862379,790.0000000000001
1455123126.1,267.4405475922885,820.0
1455123127.0,267.9353250113156,820.0
1455123127.8,268.21723267377456,820.0
1455123128.6,268.1790366557951,820.0
1455123129.4,268.13968010108107,770.0000000000001
1455123130.1,268.4331250629499,770.0000000000001
1455123131.0,268.985808925961,820.0
1455123131.8,269.3537281220252,820.0
1455123132.6,269.48393526648016,820.0
1455123133.4,270.0532787948319,830.0000000000002
1455123134.2,270.5023377294879,770.0000000000001
1455123135.0,270.973450858562,800.0
1455123135.8,271.3935759816555,809.9999999999999
1455123136.6,271.671409809581,820.0
1455123137.4,272.0246629554144,820.0
1455123138.3,272.552019975174,809.9999999999999
1455123139.1,273.1395334280064,809.9999999999999
1455123139.9,273.4429695172382,809.9999999999999
1455123140.7,273.07741663425065,839.9999999999999
1455123141.5,272.2795675234486,820.0
1455123142.3,271.9372376031955,790.0000000000001
1455123143.1,271.8590552821024,809.9999999999999
1455123144.0,271.84664559213434,830.0000000000002
1455123144.8,271.34880818761485,820.0
1455123145.6,270.9314871662518,839.9999999999999
1455123146.4,270.8648758606099,800.0
1455123147.3,271.22720240532203,830.0000000000002
1455123148.1,271.481529893997,859.9999999999998
1455123149.0,271.6266481655344,869.9999999999998
1455123149.8,271.85919001940107,839.9999999999999
1455123150.6,272.2682609320794,800.0
1455123151.5,272.8592328034943,839.9999999999999
1455123152.3,273.1629293447265,839.9999999999999
1455123153.1,273.3749800153183,839.9999999999999
1455123154.0,273.5811460689091,809.9999999999999
1455123154.8,274.1274378558818,809.9999999999999
1455123155.6,274.8523621275139,839.9999999999999
1455123156.5,275.36801295465995,850.0
1455123157.3,275.22433407631803,850.0
1455123158.1,275.1915610813535,820.0
1455123159.0,275.62507865995775,850.0
1455123159.8,275.9774559387297,859.9999999999998
1455123160.7,276.42259701268324,830.0000000000002
1455123161.5,276.7794055047649,830.0000000000002
1455123162.3,278.0852233025928,790.0000000000001
1455123163.0,279.62261836639743,740.0000000000001
1455123163.8,280.0815809638034,780.0
1455123164.6,274.6605612857585,809.9999999999999
1455123165.5,265.1448017811229,839.9999999999999
1455123166.3,258.9735449773164,839.9999999999999
1455123167.1,255.4913047526498,790.0000000000001
1455123167.9,253.9829697296236,770.0000000000001
1455123168.6,253.7298652236187,790.0000000000001
1455123169.4,254.29226443802773,800.0
1455123170.2,255.24702834031532,800.0
1455123171.1,256.31596963584786,809.9999999999999
1455123171.8,257.3343784122643,750.0
1455123172.6,258.5836560795736,760.0000000000001
1455123173.4,259.51910801863164,790.0000000000001
1455123174.2,260.0645276461056,800.0
1455123175.0,260.30937326859885,809.9999999999999
1455123175.8,260.00558739339556,809.9999999999999
1455123176.6,260.75667009425945,790.0000000000001
1455123177.4,261.5134512268108,830.0000000000002
1455123178.2,262.2868172191842,850.0
1455123179.1,262.9798710428036,830.0000000000002
1455123179.9,263.6648616996597,820.0
1455123180.7,264.396861378753,809.9999999999999
1455123181.5,264.9449549622095,809.9999999999999
1455123182.3,265.44014849951185,800.0
1455123183.1,265.9575001502637,800.0
1455123183.9,266.3624142622454,770.0000000000001
1455123184.7,267.12115852210724,800.0
1455123185.5,267.75281155057024,850.0
1455123186.4,268.3123485706185,850.0
1455123187.2,268.7028227739023,850.0
1455123188.1,269.1487469529853,820.0
1455123188.9,269.6267973046626,839.9999999999999
1455123189.7,270.2922036251831,850.0
1455123190.6,270.8530361766842,839.9999999999999
1455123191.4,271.05271826760423,830.0000000000002
1455123192.2,271.47115250807053,760.0000000000001
1455123193.0,272.4128125665245,780.0
1455123193.8,272.64854253279043,809.9999999999999
1455123194.6,272.3703495592328,839.9999999999999
1455123195.4,272.068438068506,830.0000000000002
1455123196.2,272.23544891002103,809.9999999999999
1455123197.0,272.7383923711042,800.0
1455123197.9,273.1848307108307,820.0
1455123198.7,273.2838789041628,820.0
1455123199.5,273.1280234561946,790.0000000000001
1455123200.2,273.18505997583617,760.0000000000001
1455123201.0,273.8117328525869,780.0
1455123201.8,274.30762115084707,809.9999999999999
1455123202.7,274.309005115091,850.0
1455123203.5,274.3768603777234,850.0
1455123204.3,274.4540526504606,809.9999999999999
1455123205.1,274.9072909255621,780.0
1455123205.9,275.1133069593309,800.0
1455123206.7,273.95878473581746,809.9999999999999
1455123207.6,271.9460911447032,830.0000000000002
1455123208.4,270.5458525851056,830.0000000000002
1455123209.2,270.0975100747163,800.0
1455123210.0,270.24888406866484,790.0000000000001
1455123210.8,270.51196485921446,820.0
1455123211.6,270.5906505038439,830.0000000000002
1455123212.5,270.37091997675515,830.0000000000002
1455123213.3,270.5555947278525,809.9999999999999
1455123214.1,271.0294300712624,809.9999999999999
1455123214.9,269.5732605256236,830.0000000000002
1455123215.7,264.3765002324545,820.0
1455123216.6,260.01386181725456,839.9999999999999
1455123217.4,257.8031839795488,809.9999999999999
1455123218.2,257.0185398076017,809.9999999999999
1455123219.0,256.7496281114535,830.0000000000002
1455123219.8,257.1063053140116,830.0000000000002
1455123220.7,257.22173092867166,859.9999999999998
1455123221.5,257.77351457322845,820.0
1455123222.3,258.94335771123923,809.9999999999999
1455123223.2,260.17656268492937,839.9999999999999
1455123224.0,260.9318449909308,850.0
1455123224.9,261.4330613927434,830.0000000000002
1455123225.7,261.97575228269983,820.0
1455123226.5,262.8232299900785,809.9999999999999
1455123227.3,263.3751339089275,809.9999999999999
1455123228.1,263.6446820465714,830.0000000000002
1455123228.9,263.84187524757124,820.0
1455123229.7,263.82278795231775,800.0
1455123230.5,264.18876632385985,770.0000000000001
1455123231.3,265.0904493582135,830.0000000000002
1455123232.2,264.8168833915988,839.9999999999999
1455123233.0,264.29372638460615,850.0
1455123233.9,263.9379636690022,839.9999999999999
1455123234.7,264.2498889770324,820.0
1455123235.5,264.78579758243063,839.9999999999999
1455123236.4,265.32443262199746,839.9999999999999
1455123237.2,265.5777776302555,830.0000000000002
1455123238.0,266.0742797408579,790.0000000000001
1455123238.8,266.7887826873488,809.9999999999999
1455123239.6,265.89613506700505,809.9999999999999
1455123240.4,263.46735317366796,820.0
1455123241.3,261.7236043401931,820.0
1455123242.0,261.5662371068416,780.0
1455123242.9,261.7309937854681,820.0
1455123243.7,262.0999174070748,839.9999999999999
1455123244.5,262.2746160915897,850.0
1455123245.4,262.4410200557798,809.9999999999999
1455123246.1,262.7619384153774,780.0
1455123246.8,263.2376034643941,710.0
1455123247.6,262.49294136549116,720.0
1455123248.4,260.14777923419626,820.0
1455123249.2,257.6625187604576,839.9999999999999
1455123250.1,256.1674680746968,850.0
1455123250.9,255.62910321320598,850.0
1455123251.8,255.11048974496072,850.0
1455123252.6,255.4606985738709,850.0
1455123253.5,256.2216911000952,850.0
1455123254.3,256.69213690777383,850.0
1455123255.1,257.444769599113,820.0
1455123255.9,258.401296567896,800.0
1455123256.8,259.3975639645548,820.0
1455123257.6,259.69189367266466,800.0
1455123258.3,259.99884004633446,780.0
1455123259.1,260.4615219320237,790.0000000000001
1455123259.9,261.03412587742525,790.0000000000001
1455123260.7,261.4989055021793,790.0000000000001
1455123261.5,262.3054788871773,760.0000000000001
1455123262.3,263.04191411346017,780.0
1455123263.1,263.55172420674825,809.9999999999999
1455123263.9,263.78985580738185,800.0
1455123264.7,264.09336026640403,790.0000000000001
1455123265.5,264.36739917124106,800.0
1455123266.2,265.01710415300573,760.0000000000001
1455123267.0,265.523475901401,770.0000000000001
1455123267.8,264.2832112876423,809.9999999999999
1455123268.6,262.41027072670084,809.9999999999999
1455123269.4,260.9808137118453,790.0000000000001
1455123270.2,260.7062684077894,770.0000000000001
1455123271.0,260.5852924587224,790.0000000000001
1455123271.8,260.0351883292127,800.0
1455123272.6,257.99135101174784,809.9999999999999
1455123273.3,256.6124620774225,750.0
1455123274.1,256.4346731556821,760.0000000000001
1455123274.9,256.3445937545983,780.0
1455123275.7,256.51291937408746,800.0
1455123276.5,256.785923636171,820.0
1455123277.3,256.6712174784398,800.0
1455123278.1,256.9868756192278,790.0000000000001
1455123278.9,257.40485704755935,820.0
1455123279.7,257.72372892012305,850.0
1455123280.6,257.23569787456915,820.0
1455123281.4,257.30427155519874,830.0000000000002
1455123282.2,257.793152768222,809.9999999999999
1455123283.0,257.9530418790264,820.0
1455123283.9,258.2218434548973,839.9999999999999
1455123284.7,258.3913973434811,830.0000000000002
1455123285.5,258.8443722078784,800.0
1455123286.3,259.3274953340828,820.0
1455123287.1,259.68975004139907,830.0000000000002
1455123288.0,259.0140528762042,820.0
1455123288.7,257.40563659306997,790.0000000000001
1455123289.6,255.3150351454817,809.9999999999999
1455123290.4,254.2717893339731,820.0
1455123291.2,252.60602665560765,839.9999999999999
1455123292.0,251.23598939558343,830.0000000000002
1455123292.9,250.57411674056388,830.0000000000002
1455123293.7,249.8688623958987,850.0
1455123294.6,249.7013908819941,859.9999999999998
1455123295.4,249.2725972233046,839.9999999999999
1455123296.2,248.33354979173043,740.0000000000001
1455123296.9,247.5591528627045,770.0000000000001
1455123297.7,245.4185366730324,780.0
1455123298.5,241.15619812369653,820.0
1455123299.4,237.77542838582767,850.0
1455123300.2,236.2094533504578,850.0
1455123301.1,235.60891087524502,830.0000000000002
1455123301.9,236.1084545727296,830.0000000000002
1455123302.7,237.4030242085289,839.9999999999999
1455123303.6,238.704643652184,859.9999999999998
1455123304.4,239.8642568812933,850.0
1455123305.3,240.8859949016287,830.0000000000002
1455123306.1,241.9962327748114,809.9999999999999
1455123306.9,242.83501302281638,830.0000000000002
1455123307.7,243.62419177114253,830.0000000000002
1455123308.6,244.1318290218756,809.9999999999999
1455123309.4,244.5801851067225,809.9999999999999
1455123310.2,245.31929216782382,800.0
1455123311.0,245.89728998948925,820.0
1455123311.8,245.4802644161738,830.0000000000002
1455123312.7,244.84119385693447,839.9999999999999
1455123313.5,244.88664673468028,800.0
1455123314.3,244.858304817429,839.9999999999999
1455123315.1,245.08349924092795,839.9999999999999
1455123316.0,245.32807108705555,820.0
1455123316.7,245.25530994616943,790.0000000000001
1455123317.6,246.13271100585945,809.9999999999999
1455123318.4,246.6981598666421,809.9999999999999
1455123319.2,246.72658243693368,820.0
1455123320.0,246.4881103736421,830.0000000000002
1455123320.8,246.45131427377478,790.0000000000001
1455123321.6,246.92744213773446,809.9999999999999
1455123322.4,246.5800343618987,820.0
1455123323.3,245.1103803826683,820.0
1455123324.1,244.18571052057857,820.0
1455123324.9,244.1870864154224,800.0
1455123325.7,244.28494867351705,809.9999999999999
1455123326.5,244.48983094155327,809.9999999999999
1455123327.3,244.1594705278595,820.0
1455123328.1,243.57145036053367,780.0
1455123328.9,243.77512138290544,760.0000000000001
1455123329.7,243.92641438637352,809.9999999999999
1455123330.5,241.2617837924669,809.9999999999999
1455123331.3,237.522567284222,809.9999999999999
1455123332.1,235.13383025511558,820.0
1455123332.9,234.43131302143829,820.0
1455123333.8,234.3004159855777,830.0000000000002
1455123334.6,234.39920046324337,830.0000000000002
1455123335.4,234.76946607538815,790.0000000000001
1455123336.2,235.57444828570323,780.0
1455123337.0,235.7671929345419,800.0
1455123337.8,234.0450450754945,809.9999999999999
1455123338.6,232.61495926574344,820.0
1455123339.4,232.32404291240798,820.0
1455123340.2,232.48658319089137,770.0000000000001
1455123341.0,232.7777423508339,809.9999999999999
1455123341.8,231.854832869878,839.9999999999999
1455123342.7,228.251911522697,839.9999999999999
1455123343.5,226.1304818866737,839.9999999999999
1455123344.3,225.5173889007633,820.0
1455123345.2,225.8154145691648,830.0000000000002
1455123346.0,226.3072197264003,830.0000000000002
1455123346.8,227.08145104869544,830.0000000000002
1455123347.6,227.80602700438118,830.0000000000002
1455123348.4,228.6507468800417,800.0
1455123349.3,229.000949251071,809.9999999999999
1455123350.1,226.97673181439566,830.0000000000002
1455123350.9,224.8329139244672,839.9999999999999
1455123351.7,223.2976692671876,809.9999999999999
1455123352.6,223.16332474362176,830.0000000000002
1455123353.4,223.6790315544372,850.0
1455123354.3,224.41654146664558,850.0
1455123355.1,225.2364311769912,839.9999999999999
1455123355.9,226.34560250606012,790.0000000000001
1455123356.7,226.7524806902253,820.0
1455123357.5,220.92201727123347,830.0000000000002
1455123358.4,199.19758494966874,820.0
1455123359.2,196.3877922303273,809.9999999999999
1455123360.0,195.97169759229058,800.0
1455123360.8,196.4917936844384,800.0
1455123361.6,197.9202482750621,820.0
1455123362.4,199.69136395212882,830.0000000000002
1455123363.2,201.9338517018772,800.0
1455123364.1,204.1153543090517,830.0000000000002
1455123364.9,205.4745309345404,839.9999999999999
1455123365.7,206.27525301168632,830.0000000000002
1455123366.5,207.7794122635667,790.0000000000001
1455123367.3,209.4249944132186,780.0
1455123368.1,210.5197795281072,800.0
1455123368.9,210.710919625026,820.0
1455123369.7,210.59139604578186,820.0
1455123370.5,210.92767825400705,800.0
1455123371.4,211.4331449541108,820.0
1455123372.2,211.819529760644,830.0000000000002
1455123373.0,212.15984037484168,839.9999999999999
1455123373.8,212.16000722658185,820.0
1455123374.6,212.71996402978058,790.0000000000001
1455123375.4,213.28350918963002,800.0
1455123376.3,213.40681363930162,820.0
1455123377.1,212.64725354093497,820.0
1455123377.9,212.2323861299596,809.9999999999999
1455123378.7,212.62226913026143,790.0000000000001
1455123379.5,213.18581623442586,820.0
1455123380.3,213.67779116297038,830.0000000000002
1455123381.1,213.43083962013824,820.0
1455123382.0,213.07489423068782,830.0000000000002
1455123382.8,213.4070973425195,790.0000000000001
1455123383.6,213.35768424367288,809.9999999999999
1455123384.4,211.27592286205726,820.0
1455123385.2,207.75623019949336,809.9999999999999
1455123386.0,205.5430539210115,809.9999999999999
1455123386.8,204.97416959841945,790.0000000000001
1455123387.6,205.1097530659616,809.9999999999999
1455123388.4,205.56547268985284,809.9999999999999
1455123389.3,206.14926396401933,830.0000000000002
1455123390.0,206.59769751222547,790.0000000000001
1455123390.8,207.47668242420886,780.0
1455123391.6,208.3407105254068,809.9999999999999
1455123392.5,208.6698329657675,830.0000000000002
1455123393.3,208.2241201157473,830.0000000000002
1455123394.1,208.10624011969415,780.0
1455123395.5,205.79427109045739,760.0000000000001
1455123396.3,201.8238728971109,800.0
1455123397.1,197.20313400466011,820.0
1455123398.0,194.32696079251247,850.0
1455123398.9,192.68932372323437,869.9999999999998
1455123399.7,192.42851502522973,850.0
1455123400.6,193.35259238156502,850.0
1455123401.4,194.5208309363593,850.0
1455123402.2,196.09692994560055,820.0
1455123403.0,197.87768006809188,809.9999999999999
1455123403.9,199.69089940004025,839.9999999999999
1455123404.7,201.1228432048378,830.0000000000002
1455123405.5,202.1108472247323,820.0
1455123406.3,203.11884248167016,809.9999999999999
1455123407.1,203.9128964343198,800.0
1455123408.0,204.6570008384041,830.0000000000002
1455123408.8,204.906000599276,839.9999999999999
1455123409.6,205.15519873130242,839.9999999999999
1455123410.5,205.67949092313322,809.9999999999999
1455123411.3,206.2525831474393,809.9999999999999
1455123412.1,206.48240291119598,809.9999999999999
1455123412.9,205.930807248764,809.9999999999999
1455123413.7,205.65692071236592,780.0
1455123414.4,205.90854364107108,780.0
1455123415.2,206.52799660505062,760.0000000000001
1455123416.0,207.1408679841956,790.0000000000001
1455123416.8,206.0693811699201,780.0
1455123417.6,204.6338784401369,809.9999999999999
1455123418.4,204.38550481963242,770.0000000000001
1455123419.1,204.5669096396845,790.0000000000001
1455123420.0,205.0646595365833,820.0
1455123420.8,205.3827296057912,839.9999999999999
1455123421.6,205.6341474550647,839.9999999999999
1455123422.4,206.09220501988563,790.0000000000001
1455123423.3,206.8051041215353,820.0
1455123424.1,207.2213600293166,800.0
1455123424.9,206.8285965902087,800.0
1455123425.7,206.41362645545811,809.9999999999999
1455123426.4,206.57405243699384,760.0000000000001
1455123427.2,206.8051041215353,790.0000000000001
1455123428.0,207.3150785945405,800.0
1455123428.8,207.5466473129455,790.0000000000001
1455123429.6,207.75617770819855,780.0
1455123430.3,208.17712573271785,730.0
1455123431.1,208.29371614237732,760.0000000000001
1455123431.9,205.33743555041,780.0
1455123432.7,202.1108472247323,800.0
1455123433.5,200.599835890536,820.0
1455123434.3,199.928025910672,809.9999999999999
1455123435.1,199.86385458607532,790.0000000000001
1455123435.9,200.23147094540366,790.0000000000001
1455123436.7,200.57785191735783,800.0
1455123437.5,200.73009195959503,790.0000000000001
1455123438.2,200.7960930874915,780.0
1455123439.0,201.03516230870628,770.0000000000001
1455123439.8,201.4287432865815,790.0000000000001
1455123440.6,200.99216281272442,780.0
1455123441.4,199.6805133039264,780.0
1455123442.1,199.34708026937363,760.0000000000001
1455123442.9,199.2189616501131,780.0
1455123443.7,199.6052115462883,790.0000000000001
1455123444.5,200.252376461603,800.0
1455123445.3,200.40480291874474,800.0
1455123446.1,200.3395573833951,809.9999999999999
1455123446.9,200.57766367137302,770.0000000000001
1455123447.6,200.94838157582558,780.0
1455123448.4,201.40728146558982,790.0000000000001
1455123449.2,201.88968747476397,800.0
1455123450.0,202.24329428075126,800.0
1455123450.8,202.6414555683661,780.0
1455123451.6,203.19681022168152,790.0000000000001
1455123452.4,203.86812279327884,809.9999999999999
1455123453.2,204.45394550539388,820.0
1455123454.1,204.8152595416968,820.0
1455123454.9,205.15519873130242,820.0
1455123455.7,205.7258496246227,800.0
1455123456.5,206.29853711895,820.0
1455123457.3,206.71242570933498,820.0
1455123458.1,207.08262595930412,820.0
1455123458.9,206.6441137989956,790.0000000000001
1455123459.7,206.75894522875492,740.0000000000001
1455123460.4,207.175202004088,750.0
1455123461.2,206.43696269525557,800.0
1455123462.0,203.24180363311282,830.0000000000002
1455123462.9,200.512559320512,839.9999999999999
1455123463.7,199.43337054069923,820.0
1455123464.5,198.80209677081672,839.9999999999999
1455123465.4,198.79097275848147,820.0
1455123466.2,199.23973817678765,820.0
1455123467.0,200.0365316460825,830.0000000000002
1455123467.8,200.70872070670552,820.0
1455123468.6,201.319147003531,809.9999999999999
1455123469.5,201.7578185207235,820.0
1455123470.2,202.35390028590191,780.0
1455123471.0,203.0187935892592,800.0
1455123471.9,203.57648976693818,839.9999999999999
1455123472.7,203.77860014568654,830.0000000000002
1455123473.5,204.04823177960048,830.0000000000002
1455123474.4,204.5210154772121,809.9999999999999
1455123475.2,205.08708049063145,830.0000000000002
1455123476.0,205.58865136509309,830.0000000000002
1455123476.8,206.0229684782803,830.0000000000002
1455123477.7,206.32100172288318,809.9999999999999
1455123478.4,206.7820762055637,790.0000000000001
1455123479.2,207.384679733138,800.0
1455123480.1,207.84969192200256,820.0
1455123480.9,208.12960555032143,830.0000000000002
1455123481.7,208.3176348622017,809.9999999999999
1455123482.5,208.90523195881698,809.9999999999999
1455123483.3,209.30579972934902,809.9999999999999
1455123484.1,209.7326950739057,820.0
1455123485.0,210.0663122347225,830.0000000000002
1455123485.8,210.28089323544896,820.0
1455123486.6,210.92691227637874,800.0
1455123487.4,211.3607077710065,820.0
1455123488.3,211.53011433571774,839.9999999999999
1455123489.1,210.8793332529404,820.0
1455123489.9,210.6989291453603,800.0
1455123490.7,210.97553120041405,809.9999999999999
1455123491.5,210.73566469614468,839.9999999999999
1455123492.4,210.0421424224728,850.0
1455123493.2,209.30590668217624,830.0000000000002
1455123494.0,208.67004471179882,780.0
1455123494.8,208.20054409864846,830.0000000000002
1455123495.6,208.03603884522263,830.0000000000002
1455123496.5,207.8029085694532,830.0000000000002
1455123497.3,207.78030161921848,820.0
1455123498.1,208.03635397027526,839.9999999999999
1455123499.0,208.36378565596146,830.0000000000002
1455123499.8,208.6224670437028,839.9999999999999
1455123500.6,208.90523195881698,830.0000000000002
1455123501.4,209.329456537406,800.0
1455123502.3,209.9228625498814,820.0
1455123503.1,210.37681707277497,850.0
1455123504.0,210.90358776258358,859.9999999999998
1455123504.8,211.28788563028118,850.0
1455123505.7,211.67451871931144,839.9999999999999
1455123506.5,212.35483854742782,820.0
1455123507.3,212.9406773440377,839.9999999999999
1455123508.2,213.3570612382141,859.9999999999998
1455123509.0,213.65302743961647,820.0
1455123509.8,214.04856507940326,800.0
1455123510.6,214.70555646336933,830.0000000000002
1455123511.5,215.3168788208828,859.9999999999998
1455123512.3,215.76952278927047,850.0
1455123513.2,215.99593511493995,839.9999999999999
1455123514.0,216.39876682588798,830.0000000000002
1455123514.8,216.8551246995337,830.0000000000002
1455123515.7,217.44149613188358,830.0000000000002
1455123516.5,217.8246810318771,839.9999999999999
1455123517.3,218.08071648197057,820.0
1455123518.1,218.6737226083682,809.9999999999999
1455123519.0,219.39935654864246,839.9999999999999
1455123519.8,219.9456066705996,859.9999999999998
1455123520.7,220.28592831329442,859.9999999999998
1455123521.5,220.96982202695872,830.0000000000002
1455123522.3,236.5527731092276,820.0
1455123523.2,236.88825886519194,830.0000000000002
1455123524.0,236.5282597870401,850.0
1455123524.9,235.85059033481102,830.0000000000002
1455123525.7,235.79913355653213,820.0
1455123526.5,236.02518263885787,820.0
1455123527.3,236.3104415003619,830.0000000000002
1455123528.2,236.64511052571962,830.0000000000002
1455123529.0,236.95581003674667,820.0
1455123529.8,237.31150813226745,809.9999999999999
1455123530.6,237.95448909742058,809.9999999999999
1455123531.4,238.47292044151,830.0000000000002
1455123532.3,238.86701328830856,839.9999999999999
1455123533.1,238.96155762724143,820.0
1455123533.9,239.44934732077118,820.0
1455123534.7,240.01051988690682,830.0000000000002
1455123535.6,240.60915480498383,839.9999999999999
1455123536.4,240.9993776435162,839.9999999999999
1455123537.2,241.3392611947755,830.0000000000002
1455123538.0,241.91874688199195,790.0000000000001
1455123538.9,242.55194995153138,820.0
1455123539.7,243.03700766812648,839.9999999999999
1455123540.5,243.33101442927003,839.9999999999999
1455123541.3,243.84732305376536,809.9999999999999
1455123542.2,244.56178115691415,839.9999999999999
1455123543.0,245.146882709399,839.9999999999999
1455123543.9,245.54521424077285,830.0000000000002
1455123544.7,245.67077770363682,820.0
1455123545.5,246.3238956992971,790.0000000000001
1455123546.3,246.6443823280608,800.0
1455123547.1,246.02446070998784,820.0
1455123547.9,245.1554166566948,820.0
1455123548.7,244.563413542768,800.0
1455123549.5,244.49961146513328,809.9999999999999
1455123550.3,244.64257141801968,830.0000000000002
1455123551.2,244.89558546030983,830.0000000000002
1455123552.0,244.9670809031205,830.0000000000002
1455123552.8,245.1642820056097,820.0
1455123553.6,245.87103286065303,809.9999999999999
1455123554.5,246.08867660044567,820.0
1455123555.3,244.98399194956627,839.9999999999999
1455123556.1,243.49125504895028,820.0
1455123556.9,242.5871680375887,800.0
1455123557.7,242.3126880952877,800.0
1455123558.5,242.51708475516952,820.0
1455123559.4,242.79946016059247,839.9999999999999
1455123560.2,243.33863678352736,850.0
1455123561.1,243.71341662147591,830.0000000000002
1455123561.8,244.15071512635086,790.0000000000001
1455123562.7,244.98848097576385,820.0
1455123563.5,245.49968499169083,809.9999999999999
1455123564.3,244.9581886058955,830.0000000000002
1455123565.1,244.26589699382976,809.9999999999999
1455123565.9,244.4735447657327,760.0000000000001
1455123566.7,244.8681286254752,800.0
1455123567.5,244.90308974220008,839.9999999999999
1455123568.3,244.35709628147407,820.0
1455123569.2,243.91869681130896,820.0
1455123570.0,244.18537301801663,800.0
1455123570.8,244.67102842223983,809.9999999999999
1455123571.6,245.1291982819309,800.0
1455123572.4,245.41693693705346,820.0
1455123573.1,245.82605077818505,760.0000000000001
1455123573.9,246.54280613784698,780.0
1455123574.7,247.1918208654919,809.9999999999999
1455123575.5,247.367424515158,800.0
1455123576.3,247.65076015083213,780.0
1455123577.1,248.2320935885164,809.9999999999999
1455123577.9,248.77060589964447,809.9999999999999
1455123578.8,249.40201742684857,830.0000000000002
1455123579.6,249.598120517786,839.9999999999999
1455123580.4,249.394075486872,790.0000000000001
1455123581.1,249.4761896466805,689.9999999999999
1455123581.9,250.02928488678432,770.0000000000001
1455123582.6,249.52418615670223,790.0000000000001
1455123583.5,247.8438223002817,809.9999999999999
1455123584.3,246.7535655887729,830.0000000000002
1455123585.1,246.3341506259311,820.0
1455123585.9,246.15083304779407,809.9999999999999
1455123586.7,246.53474643807263,790.0000000000001
1455123587.5,246.9911613268692,790.0000000000001
1455123588.3,247.47585102821304,790.0000000000001
1455123589.1,248.04841697990588,790.0000000000001
1455123589.9,248.4636938801361,790.0000000000001
1455123590.6,248.8203070799283,780.0
1455123591.4,249.4687381012436,780.0
1455123592.2,249.90652956082386,809.9999999999999
1455123593.0,250.4659427349561,809.9999999999999
1455123593.9,250.9997737929861,809.9999999999999
1455123594.7,251.4240045453836,809.9999999999999
1455123595.5,252.1234178018945,809.9999999999999
1455123596.3,252.64511661475586,809.9999999999999
1455123597.1,253.21910596101844,820.0
1455123597.9,253.85199741299942,820.0
1455123598.7,254.23450090700908,800.0
1455123599.5,254.96228425810185,760.0000000000001
1455123600.3,255.7025118867985,800.0
1455123601.1,256.1287452336624,800.0
1455123601.9,256.43380119055837,809.9999999999999
1455123602.7,256.7169248306289,820.0
1455123603.5,257.1953004512849,800.0
1455123604.3,257.7331744740174,820.0
1455123605.2,258.3733788266985,830.0000000000002
1455123606.0,258.59182005334185,809.9999999999999
1455123606.8,258.99496763768667,809.9999999999999
1455123607.6,259.7014115274829,790.0000000000001
1455123608.4,260.257453648764,800.0
1455123609.2,260.7889283651799,820.0
1455123610.0,261.3349107114108,790.0000000000001
1455123610.8,261.9553278536752,780.0
1455123611.6,262.63850320212504,809.9999999999999
1455123612.4,263.373460745688,830.0000000000002
1455123613.2,263.81114943452496,830.0000000000002
1455123614.0,264.43031574627776,809.9999999999999
1455123614.9,265.3867657290224,809.9999999999999
1455123615.7,265.7352965313478,839.9999999999999
1455123616.5,265.9174605831978,809.9999999999999
1455123617.3,266.3406253290752,770.0000000000001
1455123618.1,266.7883811763284,780.0
1455123618.8,266.0548953456954,790.0000000000001
1455123619.6,263.71661726052787,790.0000000000001
1455123620.4,261.1765695182257,790.0000000000001
1455123621.2,259.8126898034011,760.0000000000001
1455123622.0,258.88300650295434,800.0
1455123622.8,257.624242166927,800.0
1455123623.6,256.56253455158463,800.0
1455123624.4,255.5098426342031,800.0
1455123625.2,255.09130426878045,809.9999999999999
1455123626.0,255.28478362379207,809.9999999999999
1455123626.8,255.74566592245301,830.0000000000002
1455123627.6,255.9036420264344,800.0
1455123628.4,256.3741348384942,750.0
1455123629.2,256.8994748934038,780.0
1455123630.0,257.3155440489362,800.0
1455123630.8,257.78200393142515,820.0
1455123631.6,258.2034154156413,850.0
1455123632.4,258.62229522366226,790.0000000000001
1455123633.2,258.8938966094966,760.0000000000001
1455123633.9,259.22673621763937,760.0000000000001
1455123634.7,259.57853747178416,760.0000000000001
1455123635.5,259.3281715670332,780.0
1455123636.3,258.47211339368675,780.0
1455123637.0,257.32534476776266,770.0000000000001
1455123637.8,256.9588928274278,730.0
1455123638.5,257.06636023708717,750.0
1455123639.3,256.74161646276457,780.0
1455123640.1,255.823598785754,809.9999999999999
1455123640.9,255.49060675006734,809.9999999999999
1455123641.7,255.40358971094201,820.0
1455123642.5,255.66625071620757,800.0
1455123643.3,256.0999520454401,800.0
1455123644.1,256.6517820580758,809.9999999999999
1455123645.0,257.1950631460214,820.0
1455123645.8,257.3358047465116,809.9999999999999
1455123646.6,257.5639410564497,790.0000000000001
1455123647.4,258.0713910379542,809.9999999999999
1455123648.2,258.4735355082576,800.0
1455123649.0,258.8532875177271,820.0
1455123649.8,259.2158036075179,830.0000000000002
1455123650.6,259.3381386709836,800.0
1455123651.4,259.8517072401707,760.0000000000001
1455123652.2,260.38086180036987,800.0
1455123653.0,260.2894162802833,809.9999999999999
1455123653.8,259.3462546046435,809.9999999999999
1455123654.6,258.36329041267396,830.0000000000002
1455123655.4,257.8126751615403,790.0000000000001
1455123656.2,257.8719898310174,780.0
1455123657.0,258.0631386906388,820.0
1455123657.9,258.0319856227203,830.0000000000002
1455123658.7,258.0218307506592,839.9999999999999
1455123659.5,258.043277050847,830.0000000000002
1455123660.3,258.1812461141229,820.0
1455123661.1,258.7034725210649,790.0000000000001
1455123662.0,259.3481778154694,820.0
1455123662.8,259.8314251080167,820.0
1455123663.6,260.1577384442327,820.0
1455123664.4,260.5435814963804,809.9999999999999
1455123665.2,261.1342676721456,809.9999999999999
1455123666.0,261.7103265342231,830.0000000000002
1455123666.9,262.29611169964716,850.0
1455123667.7,262.79192687871534,850.0
1455123668.6,263.1670739459653,830.0000000000002
1455123669.4,263.74319244436384,809.9999999999999
1455123670.2,264.1983020806621,839.9999999999999
1455123671.1,264.66113487199,839.9999999999999
1455123671.9,264.97460026173474,830.0000000000002
1455123672.7,265.1337587864758,809.9999999999999
1455123673.5,265.5565033453126,800.0
1455123674.3,265.8090758475771,839.9999999999999
1455123675.2,266.40590784655046,830.0000000000002
1455123676.0,266.8850430382825,830.0000000000002
1455123676.8,267.2479092268074,830.0000000000002
1455123677.7,267.90484029571815,830.0000000000002
1455123678.5,268.475004270513,830.0000000000002
1455123679.4,269.05998500876115,859.9999999999998
1455123680.2,269.48596077936094,830.0000000000002
1455123681.0,270.0295678896737,809.9999999999999
1455123681.8,270.7328702741008,820.0
1455123682.6,271.4824483689596,820.0
1455123683.5,272.101486552897,830.0000000000002
1455123684.3,272.53770096161406,830.0000000000002
1455123685.1,273.1613152182383,820.0
1455123685.9,273.8236420647289,830.0000000000002
1455123686.8,274.60329680794274,839.9999999999999
1455123687.6,275.18462196207736,850.0
1455123688.5,275.7494646180195,839.9999999999999
1455123689.3,276.4242032931517,820.0
1455123690.1,277.1237438933008,850.0
1455123691.0,277.8188701854467,839.9999999999999
1455123691.8,278.3853652487463,830.0000000000002
1455123692.6,278.8286401352738,820.0
1455123693.4,279.436701256145,809.9999999999999
1455123694.3,280.11601993683996,820.0
1455123695.1,280.63716752369146,809.9999999999999
1455123695.9,281.1560398772305,830.0000000000002
1455123696.7,281.1927083677002,809.9999999999999
1455123697.4,281.51294327212577,730.0
1455123698.2,282.1439901876954,720.0
1455123698.9,282.44388396000096,780.0
1455123699.8,280.7412144150653,820.0
1455123700.6,278.2477234373377,839.9999999999999
1455123701.5,274.8624283944992,850.0
1455123702.3,271.69188223363625,850.0
1455123703.2,268.81239231777045,859.9999999999998
1455123704.0,267.33338979172527,839.9999999999999
1455123704.9,266.34119934080377,850.0
1455123705.7,265.90598990008357,850.0
1455123706.5,265.81975095181616,820.0
1455123707.3,266.01289653877535,820.0
1455123708.2,266.4842386621613,830.0000000000002
1455123709.0,267.1629430174664,820.0
1455123709.8,267.753735786606,809.9999999999999
1455123710.6,268.50699202961226,790.0000000000001
1455123711.4,269.29014873892316,809.9999999999999
1455123712.2,269.9093990281404,820.0
1455123713.1,270.6830619336723,839.9999999999999
1455123713.9,271.294793982913,850.0
1455123714.8,271.8906115711785,839.9999999999999
1455123715.6,272.58226559930745,809.9999999999999
1455123716.4,273.12746418198924,830.0000000000002
1455123717.2,273.9027211378385,830.0000000000002
1455123718.1,274.6256544848728,830.0000000000002
1455123718.9,275.21304403148184,820.0
1455123719.7,275.80767808085096,800.0
1455123720.5,276.4344652222713,809.9999999999999
1455123721.3,277.0560978124746,830.0000000000002
1455123722.1,277.4942020831048,830.0000000000002
1455123723.0,277.70081024156656,830.0000000000002
1455123723.8,277.77270645830316,830.0000000000002
1455123724.6,278.1875832559212,820.0
1455123725.4,278.7359299287104,820.0
1455123726.3,279.1555535507374,820.0
1455123727.1,279.32981293515,790.0000000000001
1455123727.8,279.600888925332,770.0000000000001
1455123728.6,280.21017791257196,790.0000000000001
1455123729.4,280.6489175110881,800.0
1455123730.2,279.94019443700654,800.0
1455123731.0,278.8517688703215,820.0
1455123731.8,278.3052080923796,790.0000000000001
1455123732.6,278.5013019226666,809.9999999999999
1455123733.4,278.887964694689,809.9999999999999
1455123734.2,279.34159226631573,800.0
1455123735.1,279.7292448416948,820.0
1455123735.9,280.1767392112981,790.0000000000001
1455123736.7,280.7057961173177,800.0
1455123737.5,281.1698697063283,800.0
1455123738.3,281.66660154313456,809.9999999999999
1455123739.1,281.95394191470825,800.0
1455123739.9,282.00141902483426,790.0000000000001
1455123740.6,282.3352497602322,770.0000000000001
1455123741.4,282.81552288667825,800.0
1455123742.3,282.17904122694824,839.9999999999999
1455123743.1,280.7906437302813,830.0000000000002
1455123743.9,279.6468956638846,830.0000000000002
1455123744.8,279.22474049083326,830.0000000000002
1455123745.6,279.60153811797557,830.0000000000002
1455123746.4,280.1277797962399,809.9999999999999
1455123747.2,280.7788738227063,839.9999999999999
1455123748.1,281.3585403536695,839.9999999999999
1455123748.9,281.85747560656637,809.9999999999999
1455123749.7,282.4322481637607,820.0
1455123750.5,283.0896735139665,839.9999999999999
1455123751.4,283.79062476984114,850.0
1455123752.2,284.1524134406838,839.9999999999999
1455123753.1,284.8865558005563,820.0
1455123753.9,285.5169314516244,830.0000000000002
1455123754.7,286.1148696962502,830.0000000000002
1455123755.5,286.6461933411051,830.0000000000002
1455123756.3,287.2124882304697,800.0
1455123757.2,288.03170969871417,809.9999999999999
1455123758.0,288.73152732598,830.0000000000002
1455123758.8,289.08011213578214,830.0000000000002
1455123759.6,289.2708288945095,809.9999999999999
1455123760.4,289.84059653698176,780.0
1455123761.2,290.4042105627025,790.0000000000001
1455123762.0,290.82140364425635,809.9999999999999
1455123762.8,290.8339177678978,830.0000000000002
1455123763.6,290.9747825428233,809.9999999999999
1455123764.4,291.4307031647885,780.0
1455123765.2,291.77088322285067,790.0000000000001
1455123766.0,292.3635315028065,800.0
1455123766.8,292.7509402975737,800.0
1455123767.6,293.0968284552528,790.0000000000001
1455123768.4,293.7174415784764,770.0000000000001
1455123769.2,294.2492712255168,800.0
1455123770.0,294.80747613625215,830.0000000000002
1455123770.8,295.2010541777885,820.0
1455123771.6,295.8405061148595,790.0000000000001
1455123772.4,296.47471327849445,820.0
1455123773.3,297.3057639594457,830.0000000000002
1455123774.1,297.90426594097283,809.9999999999999
1455123774.9,298.5182616966012,809.9999999999999
1455123775.7,299.20003927330174,780.0
1455123776.5,299.9022677204058,809.9999999999999
1455123777.3,300.22369646709234,820.0
1455123778.1,300.5512503556106,820.0
1455123778.9,300.8204203589379,820.0
1455123779.7,301.43361033009035,809.9999999999999
1455123780.6,302.3088471528879,820.0
1455123781.4,302.91115205094405,830.0000000000002
1455123782.2,303.46533461928675,830.0000000000002
1455123783.0,304.1271072400892,820.0
1455123783.8,304.6577617381362,780.0
1455123784.6,305.40295136377097,800.0
1455123785.4,305.88649402562334,820.0
1455123786.3,306.00037314048933,809.9999999999999
1455123787.1,305.98352746222355,800.0
1455123787.8,306.45066325043615,780.0
1455123788.7,307.23906465796404,820.0
1455123789.5,307.5593088934806,830.0000000000002
1455123790.3,307.56625799291237,809.9999999999999
1455123791.1,307.8208152316472,790.0000000000001
1455123791.9,308.48509362313666,809.9999999999999
1455123792.7,308.7039390837502,820.0
1455123793.5,308.00811485645863,809.9999999999999
1455123794.3,307.70686283572627,800.0
1455123795.1,307.7229286956193,780.0
1455123795.9,308.248616246192,790.0000000000001
1455123796.7,308.6765513236932,820.0
1455123797.5,309.12125458539845,809.9999999999999
1455123798.3,309.39179534450363,809.9999999999999
1455123799.1,309.7252810626045,809.9999999999999
1455123800.0,310.0105789647109,820.0
1455123800.8,310.47435339194334,830.0000000000002
1455123801.6,310.9515394270296,850.0
1455123802.5,311.5174036718913,850.0
1455123803.3,312.04450534647856,839.9999999999999
1455123804.2,312.7737458318706,850.0
1455123805.0,313.3796107524352,859.9999999999998
1455123805.9,313.93854506340665,839.9999999999999
1455123806.7,314.4717841437803,839.9999999999999
1455123807.5,315.0669674528329,820.0
1455123808.4,315.8262017458852,839.9999999999999
1455123809.2,316.30866709962316,830.0000000000002
1455123810.0,316.6060523963748,820.0
1455123810.8,317.16632444886847,780.0
1455123811.6,317.7838119681069,809.9999999999999
1455123812.5,318.2702556991516,830.0000000000002
1455123813.3,318.6815953857845,820.0
1455123814.0,319.2145411073461,760.0000000000001
1455123814.8,319.93585670376916,809.9999999999999
1455123815.6,320.5183015216294,800.0
1455123816.5,321.13889221924114,809.9999999999999
1455123817.3,321.5849374070603,809.9999999999999
1455123818.0,322.2097543860778,780.0
1455123818.8,322.8465037016257,800.0
1455123819.7,323.50634635714243,830.0000000000002
1455123820.5,324.00916629063016,820.0
1455123821.3,324.7185156417624,770.0000000000001
1455123822.1,325.35418772061155,790.0000000000001
1455123822.9,325.39939347568827,800.0
1455123823.7,324.7206574656143,800.0
1455123824.4,324.68607897460987,790.0000000000001
1455123825.2,325.1803126366943,780.0
1455123826.0,325.7806900054066,800.0
1455123826.8,326.166477953339,809.9999999999999
1455123827.6,326.3872433663256,809.9999999999999
1455123828.4,326.77324874310955,770.0000000000001
1455123829.2,327.365936461099,809.9999999999999
1455123830.0,327.81653588160736,800.0
1455123830.8,328.1565690359243,820.0
1455123831.7,328.2025752494291,809.9999999999999
1455123832.4,328.51331240878045,740.0000000000001
1455123833.2,329.1260451998403,760.0000000000001
1455123833.9,328.91843579738355,770.0000000000001
1455123834.7,326.33883933825945,800.0
1455123835.5,323.9793058598204,790.0000000000001
1455123836.3,322.45621578932065,780.0
1455123837.0,321.8829601636368,720.0
1455123837.8,321.39935170241563,740.0000000000001
1455123838.5,321.4173910517856,750.0
1455123839.3,321.0435724933698,790.0000000000001
1455123840.1,320.53553409830675,760.0000000000001
1455123840.8,320.22643159148106,740.0000000000001
1455123841.6,319.87401901519166,770.0000000000001
1455123842.4,319.88911125591744,790.0000000000001
1455123843.2,319.88859572097334,800.0
1455123844.0,320.13550813327635,809.9999999999999
1455123844.7,320.5192202001712,760.0000000000001
1455123845.5,321.0757922205696,800.0
1455123846.3,321.24455432015236,820.0
1455123847.1,321.3392814007288,790.0000000000001
1455123847.9,321.32161717728815,809.9999999999999
1455123848.8,321.16983168595317,839.9999999999999
1455123849.6,321.0737217359045,830.0000000000002
1455123850.4,321.09258734349567,820.0
1455123851.2,321.30607340207706,809.9999999999999
1455123852.0,321.24655345191064,800.0
1455123852.9,320.67351249781626,820.0
1455123853.7,320.4426442945652,830.0000000000002
1455123854.5,320.5047140340023,830.0000000000002
1455123855.3,321.0747047649852,809.9999999999999
1455123856.2,321.7973626722152,839.9999999999999
1455123857.0,322.54955452113825,839.9999999999999
1455123857.9,323.2097274898459,850.0
1455123858.7,323.6142933765019,839.9999999999999
1455123859.5,324.0890518740477,809.9999999999999
1455123860.3,324.7024359726863,820.0
1455123861.2,325.3687036822585,820.0
1455123862.0,325.8625475134179,830.0000000000002
1455123862.8,326.24370448524877,820.0
1455123863.6,326.69346074973424,800.0
1455123864.4,327.25213948071683,820.0
1455123865.3,327.8190088792817,830.0000000000002
1455123866.1,328.29962880794693,830.0000000000002
1455123866.9,328.64224713278753,850.0
1455123867.8,329.20870106437627,820.0
1455123868.6,329.87664856105243,820.0
1455123869.4,330.23691752641037,820.0
1455123870.2,330.3989126830528,830.0000000000002
1455123871.0,330.22159926501996,790.0000000000001
1455123871.8,330.54586426169567,740.0000000000001
1455123872.5,330.5820694690803,740.0000000000001
1455123873.3,327.78297492437645,780.0
1455123874.1,324.7843618986448,790.0000000000001
1455123874.9,322.95586932067124,820.0
1455123875.7,321.4483751336665,830.0000000000002
1455123876.5,321.7250881220382,820.0
1455123877.3,322.4894014192599,790.0000000000001
1455123878.1,323.2235692248989,809.9999999999999
1455123879.0,324.0868921055012,820.0
1455123879.8,324.3097534615422,809.9999999999999
1455123880.6,324.3227623544805,809.9999999999999
1455123881.4,324.9107692854808,800.0
1455123882.2,325.5261665478966,790.0000000000001
1455123883.0,326.054929069107,800.0
1455123883.8,326.4189547545068,820.0
1455123884.6,326.677738325334,809.9999999999999
1455123885.4,327.23657691350604,800.0
1455123886.2,327.8336495811945,809.9999999999999
1455123887.0,328.4627669481565,809.9999999999999
1455123887.8,329.3067015801038,830.0000000000002
1455123888.7,329.35645771995075,809.9999999999999
1455123889.4,329.2896879355789,780.0
1455123890.2,329.4049924042285,780.0
1455123891.0,329.4683206214333,780.0
1455123891.8,329.3243101737539,780.0
1455123892.6,328.850248412855,800.0
1455123893.3,328.82046789633563,750.0
1455123894.1,327.92846720272104,760.0000000000001
1455123894.9,324.5469647560186,780.0
1455123895.7,320.33330998773584,809.9999999999999
1455123896.5,318.18168009637895,800.0
1455123897.3,316.2905736868102,780.0
1455123898.0,316.58050083937576,760.0000000000001
1455123898.8,316.4257014291424,760.0000000000001
1455123899.5,314.47497483139193,730.0
1455123900.3,313.24404846276445,760.0000000000001
1455123901.1,312.01709793065925,790.0000000000001
1455123901.8,312.2464943734637,740.0000000000001
1455123902.5,312.0021568994956,750.0
1455123903.3,307.9910777244828,780.0
1455123904.1,306.0861976156972,760.0000000000001
1455123904.8,305.2832288963923,760.0000000000001
1455123905.6,305.07767355276866,770.0000000000001
1455123906.4,304.90596203033334,740.0000000000001
1455123907.1,305.2314057640353,760.0000000000001
1455123907.9,305.89931180734294,770.0000000000001
1455123908.7,305.6514771732006,800.0
1455123909.5,305.47186861956004,809.9999999999999
1455123910.3,305.8334431974752,790.0000000000001
1455123911.1,306.0964709729116,800.0
1455123911.9,306.07162659497106,830.0000000000002
1455123912.7,305.94302067972865,820.0
1455123913.5,306.3093670309893,780.0
1455123914.3,306.6476597030192,809.9999999999999
1455123915.1,305.85866855072413,820.0
1455123916.0,305.17513344676104,820.0
1455123916.8,304.85037903437467,820.0
1455123917.6,305.0361236541668,790.0000000000001
1455123918.4,305.8010870238906,790.0000000000001
1455123919.2,306.06491850654504,809.9999999999999
1455123920.0,306.3353417008278,800.0
1455123920.8,306.28286128758293,790.0000000000001
1455123921.6,306.63200938437944,790.0000000000001
1455123922.4,307.25582028083636,800.0
1455123923.1,307.6081956650721,790.0000000000001
1455123924.0,308.3066578580725,830.0000000000002
1455123924.8,308.63517745268473,820.0
1455123925.6,308.9629132292344,800.0
1455123926.4,309.48113161180214,800.0
1455123927.2,310.01112855334037,820.0
1455123928.0,310.1296921118897,809.9999999999999
1455123928.8,310.4293477795567,820.0
1455123929.6,310.9687555089506,790.0000000000001
1455123930.4,311.4731453971177,800.0
1455123931.2,310.34679344192443,800.0
1455123932.0,309.7366553245295,770.0000000000001
1455123932.8,309.8563604278237,750.0
1455123933.6,306.44800829285947,800.0
1455123934.4,301.43603870948954,809.9999999999999
1455123935.2,297.9034806174682,820.0
1455123936.0,296.56780337191515,820.0
1455123936.8,296.0386379927043,800.0
1455123937.6,296.2773115291379,809.9999999999999
1455123938.5,297.0555299740194,839.9999999999999
1455123939.3,297.6383801146723,820.0
1455123940.1,297.2547432581421,820.0
1455123940.9,296.23611834764296,800.0
1455123941.7,296.84484460782954,820.0
1455123942.5,297.01444212422865,830.0000000000002
1455123943.4,296.6078402004882,850.0
1455123944.2,296.3667218211087,839.9999999999999
1455123945.0,296.5155942884725,809.9999999999999
1455123945.9,297.1791301434429,850.0
1455123946.8,297.85297232532207,859.9999999999998
1455123947.6,298.17020949125754,820.0
1455123948.4,298.8003784889719,830.0000000000002
1455123949.2,299.496961175296,830.0000000000002
1455123950.1,299.685425686372,830.0000000000002
1455123950.9,299.32352057668214,839.9999999999999
1455123951.7,298.77147662244823,830.0000000000002
1455123952.5,299.1763714653736,809.9999999999999
1455123953.4,300.0886409651902,809.9999999999999
1455123954.2,299.74192298147244,839.9999999999999
1455123955.0,298.19594811374895,820.0
1455123955.8,297.08407434596444,830.0000000000002
1455123956.7,297.4249330690933,809.9999999999999
1455123957.5,298.05281866239767,809.9999999999999
1455123958.3,298.0636632426432,800.0
1455123959.1,298.07910734304863,830.0000000000002
1455123959.9,298.5981151879951,820.0
1455123960.7,299.1486662182278,820.0
1455123961.6,300.0508303145515,820.0
1455123962.4,300.84814897640126,820.0
1455123963.2,301.46209472981917,809.9999999999999
1455123964.0,302.1157193688678,830.0000000000002
1455123964.8,302.43372782436984,820.0
1455123965.6,302.96637529907474,790.0000000000001
1455123966.4,303.5496494620892,800.0
1455123967.2,303.7807185739954,790.0000000000001
1455123968.0,304.10373539385915,809.9999999999999
1455123968.8,304.26585984453163,809.9999999999999
1455123969.6,304.7989372175564,790.0000000000001
1455123970.4,305.0036227429806,809.9999999999999
1455123971.3,305.1612581949835,820.0
1455123972.1,305.31152899509635,839.9999999999999
1455123972.9,305.74888308278264,790.0000000000001
1455123973.7,306.4908447417356,790.0000000000001
1455123974.5,307.25618566242963,800.0
1455123975.3,306.19548378834037,790.0000000000001
1455123976.1,304.366247373326,790.0000000000001
1455123976.8,303.82282387558183,780.0
1455123977.6,304.10292540322183,780.0
1455123978.4,304.40567829517005,809.9999999999999
1455123979.2,303.604169740564,820.0
1455123980.1,302.66569402031075,830.0000000000002
1455123980.9,302.2266223044759,809.9999999999999
1455123981.6,302.7200068903077,730.0
1455123982.4,301.3935960249114,790.0000000000001
1455123983.2,295.4231066412397,800.0
1455123984.0,290.2146712371483,820.0
1455123984.8,288.2445484140112,809.9999999999999
1455123985.7,287.46088066631717,820.0
1455123986.5,288.09591148663804,800.0
1455123987.3,288.8931706957617,820.0
1455123988.1,289.3967282453984,809.9999999999999
1455123988.9,289.9482630877755,809.9999999999999
1455123989.7,290.6839796412511,809.9999999999999
1455123990.5,291.3801625643191,809.9999999999999
1455123991.3,292.5079270684731,780.0
1455123992.1,293.2770650419103,820.0
1455123992.9,294.01738868889765,830.0000000000002
1455123993.8,294.49447323709506,820.0
1455123994.6,294.75881392603696,820.0
1455123995.4,295.06797927419603,809.9999999999999
1455123996.2,295.4906479497756,809.9999999999999
1455123997.0,295.8012553534419,820.0
1455123997.9,296.09377969309134,830.0000000000002
1455123998.7,296.18316069012064,820.0
1455123999.5,296.5543286092071,820.0
1455124000.3,296.6316424640204,850.0
1455124001.2,296.60586763215684,850.0
1455124002.0,296.5933322958378,809.9999999999999
1455124002.8,297.24003788292185,780.0
1455124003.6,297.4275614769037,790.0000000000001
1455124004.4,296.8030537228417,820.0
1455124005.2,296.567603714342,830.0000000000002
1455124006.0,296.81604636131317,820.0
1455124006.9,297.26954374685386,809.9999999999999
1455124007.7,297.78316056768546,800.0
1455124008.5,298.46735240408236,800.0
1455124009.3,299.15942241678914,809.9999999999999
1455124010.1,299.82321180147204,809.9999999999999
1455124010.9,300.5349864133006,809.9999999999999
1455124011.7,301.15030957187025,809.9999999999999
1455124012.5,302.0190397782693,800.0
1455124013.3,302.95680500225615,809.9999999999999
1455124014.1,303.78061770784865,820.0
1455124015.0,304.7289059278416,830.0000000000002
1455124015.8,305.26954622781125,830.0000000000002
1455124016.6,305.97360451232026,800.0
1455124017.4,306.84345825882883,800.0
1455124018.2,307.0869483416776,809.9999999999999
1455124019.0,307.09807021564245,800.0
1455124019.8,307.3415677655445,820.0
1455124020.6,307.77860371871054,809.9999999999999
1455124021.4,308.6360902832658,770.0000000000001
1455124022.2,309.4788907314075,809.9999999999999
1455124023.0,310.27362844934675,800.0
1455124023.8,311.1111811350229,820.0
1455124024.6,311.88496683100243,820.0
1455124025.4,312.7749301285376,780.0
1455124026.2,312.8801239813755,770.0000000000001
1455124027.0,310.14153770000627,790.0000000000001
1455124027.8,308.5787455537616,800.0
1455124028.6,308.5770003174166,809.9999999999999
1455124029.4,308.8216604868559,800.0
1455124030.1,309.0053704522863,750.0
1455124030.9,309.7691253573181,750.0
1455124031.7,306.1110283227934,780.0
1455124032.5,300.9322818563328,790.0000000000001
1455124033.3,297.3461451305326,790.0000000000001
1455124034.0,295.3593728779395,770.0000000000001
1455124034.7,293.97526910092273,720.0
1455124035.4,293.52638319110116,700.0000000000001
1455124036.2,292.91595786735814,760.0000000000001
1455124036.9,290.88802887118646,730.0
1455124037.7,287.7822434166529,760.0000000000001
1455124038.5,286.6354296589272,770.0000000000001
1455124039.2,285.9308229611532,770.0000000000001
1455124040.0,286.57410006297295,720.0
1455124040.7,285.74704963337524,770.0000000000001
1455124041.5,283.46665756365365,800.0
1455124042.3,282.2984989807787,780.0
1455124043.1,282.517836751481,780.0
1455124043.9,283.1378391001538,800.0
1455124044.7,282.98526815945036,809.9999999999999
1455124045.5,283.1140218268039,820.0
1455124046.3,283.297764165163,830.0000000000002
1455124047.1,283.8979481734005,800.0
1455124047.9,284.79831043056237,800.0
1455124048.8,285.5528823349043,830.0000000000002
1455124049.6,286.1539353186132,839.9999999999999
1455124050.4,286.5354052251108,830.0000000000002
1455124051.3,286.4477909718052,820.0
1455124052.0,286.8317386914076,760.0000000000001
1455124052.8,287.06469187977865,770.0000000000001
1455124053.6,281.8004148757986,820.0
1455124054.4,276.5152152646571,820.0
1455124055.3,273.70242878061117,820.0
1455124056.1,273.30627493043164,830.0000000000002
1455124056.9,273.9725183863073,809.9999999999999
1455124057.7,274.668700017677,820.0
1455124058.6,275.6487802094714,839.9999999999999
1455124059.4,276.27401237591783,830.0000000000002
1455124060.2,276.51770762796866,830.0000000000002
1455124061.0,277.28553501761957,820.0
1455124061.9,278.3407757572084,820.0
1455124062.7,279.1675188205244,830.0000000000002
1455124063.5,279.76534370551565,850.0
1455124064.4,280.189548498756,830.0000000000002
1455124065.1,280.435816768074,780.0
1455124065.9,281.0869525959646,790.0000000000001
1455124066.7,279.40133339904315,780.0
1455124067.5,276.6318400560364,800.0
1455124068.3,275.6806606932381,809.9999999999999
1455124069.1,275.5001443904481,800.0
1455124069.9,276.13724639334544,760.0000000000001
1455124070.7,276.8961695558976,790.0000000000001
1455124071.5,276.95150852864185,800.0
1455124072.3,277.5421839769964,800.0
1455124073.1,278.083316921986,820.0
1455124073.9,278.73768417621875,800.0
1455124074.7,279.5288841307613,790.0000000000001
1455124075.5,280.1905284170484,820.0
1455124076.3,280.8003211422647,830.0000000000002
1455124077.2,281.4799542704228,820.0
1455124078.0,282.1195953033988,820.0
1455124078.8,282.90078186182086,790.0000000000001
1455124079.6,283.6325434085508,800.0
1455124080.4,284.2394191836953,820.0
1455124081.2,284.8817115916965,820.0
1455124082.0,285.3947028496397,809.9999999999999
1455124082.8,286.2398680336712,809.9999999999999
1455124083.6,287.0652557104802,809.9999999999999
1455124084.5,287.45061025719144,830.0000000000002
1455124085.3,287.2371011372407,830.0000000000002
1455124086.1,287.2404924329325,809.9999999999999
1455124086.9,287.9564353349297,790.0000000000001
1455124087.7,288.69595159343925,800.0
1455124088.5,288.67950574008887,820.0
1455124089.3,288.7585644999076,800.0
1455124090.1,289.0549723969347,830.0000000000002
1455124090.9,289.53631250495783,800.0
1455124091.7,289.1553900712596,720.0
1455124092.4,286.91973170873587,730.0
1455124093.2,281.2389546869767,780.0
1455124094.0,273.6914332656976,809.9999999999999
1455124094.8,267.226489287358,820.0
1455124095.6,261.57777075148425,809.9999999999999
1455124096.4,258.56188192048137,830.0000000000002
1455124097.3,258.68471841242854,830.0000000000002
1455124098.1,260.2176506365971,820.0
1455124098.9,261.6899172308144,790.0000000000001
1455124099.7,262.5027623611484,809.9999999999999
1455124100.5,262.7210600425499,800.0
1455124101.3,263.3741474128489,800.0
1455124102.1,264.1156667967111,809.9999999999999
1455124102.9,263.6660081901032,780.0
1455124103.7,263.82277962517657,790.0000000000001
1455124104.5,264.3772408688141,809.9999999999999
1455124105.3,265.165748652374,809.9999999999999
1455124106.1,265.6733054883865,830.0000000000002
1455124107.0,266.308841203302,830.0000000000002
1455124107.7,266.8861466210418,790.0000000000001
1455124108.6,267.7847763242162,830.0000000000002
1455124109.4,268.3143390877001,850.0
1455124110.3,268.34479783798884,830.0000000000002
1455124111.0,265.3774620787209,790.0000000000001
1455124111.8,263.7061688097972,770.0000000000001
1455124112.6,263.5628154731121,800.0
1455124113.4,264.14499759944266,809.9999999999999
1455124114.3,264.87145684097715,830.0000000000002
1455124115.1,265.4391638349493,800.0
1455124115.8,266.4807909622331,780.0
1455124116.6,267.4087797695996,809.9999999999999
1455124117.4,267.721761634499,790.0000000000001
1455124118.2,267.8606258871513,800.0
1455124119.0,267.94722922552023,790.0000000000001
1455124119.8,268.4543957068922,740.0000000000001
1455124120.5,269.0340211901124,760.0000000000001
1455124121.3,269.8233301438736,780.0
1455124122.1,269.8229411641185,770.0000000000001
1455124122.9,269.64915575377734,800.0
1455124123.7,270.0191185876176,780.0
1455124124.4,270.69993582818717,790.0000000000001
1455124125.3,271.3486103496935,820.0
1455124126.1,271.56087205619497,809.9999999999999
1455124126.9,271.65801132230683,820.0
1455124127.7,272.3932911219963,809.9999999999999
1455124128.5,273.2054101406605,809.9999999999999
1455124129.3,269.0297173762201,809.9999999999999
1455124130.1,263.38338714781923,800.0
1455124130.9,260.4935997029956,790.0000000000001
1455124131.7,259.9228607531612,770.0000000000001
1455124132.5,260.8605463655143,800.0
1455124133.3,261.6984928105432,809.9999999999999
1455124134.1,262.15256668291545,830.0000000000002
1455124134.9,262.6679962127086,800.0
1455124135.7,263.69745305307157,790.0000000000001
1455124136.5,264.84924788122316,800.0
1455124137.3,265.7998795206063,820.0
1455124138.2,266.62948428474726,820.0
1455124138.9,267.1095479836728,790.0000000000001
1455124139.7,268.1843661641609,790.0000000000001
1455124140.5,269.01704657820966,809.9999999999999
1455124141.4,269.85685652810946,839.9999999999999
1455124142.2,270.4021373693317,839.9999999999999
1455124143.0,271.108170690363,809.9999999999999
1455124143.9,272.2459201787796,830.0000000000002
1455124144.7,272.8059197737069,859.9999999999998
1455124145.6,273.50821638644953,850.0
1455124146.4,274.3096552877832,869.9999999999998
1455124147.3,274.7714048607425,890.0
1455124148.2,275.6353508203944,850.0
1455124149.0,274.18479910325584,809.9999999999999
1455124149.8,266.8635212430271,800.0
1455124150.6,259.1367752837537,809.9999999999999
1455124151.4,254.38890616405368,820.0
1455124152.3,251.60605960665498,830.0000000000002
1455124153.1,250.34761996539632,820.0
1455124153.9,250.90553473316777,800.0
1455124154.7,251.76559355019882,800.0
1455124155.5,253.0101444161739,820.0
1455124156.3,254.3203058401691,820.0
1455124157.1,255.44330012507015,820.0
1455124158.0,256.7692533995857,820.0
1455124158.8,258.11350435321117,809.9999999999999
1455124159.6,256.3648485996418,820.0
1455124160.4,252.76971899314952,830.0000000000002
1455124161.2,251.2917376580565,800.0
1455124162.0,251.66253446155,780.0
1455124162.8,252.62541923703307,780.0
1455124163.6,253.09506873553383,800.0
1455124164.4,254.03131736460327,820.0
1455124165.2,255.0211984098566,839.9999999999999
1455124166.1,255.8352995325769,830.0000000000002
1455124166.9,256.305114690531,809.9999999999999
1455124167.7,256.9002760256352,820.0
1455124168.5,255.30410996871555,800.0
1455124169.3,252.8658058224645,820.0
1455124170.1,252.4811001272057,820.0
1455124170.9,253.24960729324246,809.9999999999999
1455124171.7,254.12759158796632,790.0000000000001
1455124172.6,254.41796132314946,830.0000000000002
1455124173.4,255.21820615720105,809.9999999999999
1455124174.2,256.0395470122686,809.9999999999999
1455124175.0,257.3164947370339,809.9999999999999
1455124175.8,258.3912808849657,820.0
1455124176.6,259.25806880076067,820.0
1455124177.5,260.15637164632693,839.9999999999999
1455124178.3,260.75794657639227,809.9999999999999
1455124179.1,261.75069275676714,790.0000000000001
1455124179.9,262.265110467822,809.9999999999999
1455124180.7,262.224806115447,820.0
1455124181.5,262.22326442238733,809.9999999999999
1455124182.3,262.659334155898,780.0
1455124183.1,262.9365236387675,770.0000000000001
1455124183.9,260.0876441917918,790.0000000000001
1455124184.7,257.751980475516,800.0
1455124185.5,256.9691749835737,820.0
1455124186.3,256.7796641434168,800.0
1455124187.1,257.6738815494,790.0000000000001
1455124187.9,256.65179716975524,800.0
1455124188.7,255.0410706013809,809.9999999999999
1455124189.5,254.07997496932282,820.0
1455124190.2,254.36938525890722,750.0
1455124191.0,254.68190186661064,710.0
1455124191.7,252.77786023169674,780.0
1455124192.5,247.23014855709152,780.0
1455124193.3,243.31200620150642,809.9999999999999
1455124194.1,241.58571082563338,790.0000000000001
1455124194.9,241.4527130042577,760.0000000000001
1455124195.7,241.2051459450942,780.0
1455124196.4,241.6016474861623,780.0
1455124197.2,241.4715409791334,780.0
1455124198.0,241.49715065484668,770.0000000000001
1455124198.7,242.5872579040356,740.0000000000001
1455124199.5,243.55291618445472,770.0000000000001
1455124200.3,244.3471725602813,780.0
1455124201.1,245.30079144083732,780.0
1455124201.8,246.2287866552972,790.0000000000001
1455124202.6,247.0827977451644,780.0
1455124203.4,248.07466277651508,770.0000000000001
1455124204.2,249.0305569586856,800.0
1455124205.0,249.56961013291942,790.0000000000001
1455124205.8,250.142803392659,790.0000000000001
1455124206.6,251.27210443656463,809.9999999999999
1455124207.4,252.24367133415004,800.0
1455124208.2,251.7465490716141,780.0
1455124209.0,252.11018379664702,809.9999999999999
1455124209.8,252.7392996834828,820.0
1455124210.6,253.2495050259259,830.0000000000002
1455124211.4,253.5180972651643,820.0
1455124212.2,254.2439838770896,790.0000000000001
1455124213.0,254.99241282409562,800.0
1455124213.9,255.29959849843556,820.0
1455124214.7,254.63287916109007,809.9999999999999
1455124215.4,253.9623510874757,780.0
1455124216.2,254.1571568984997,800.0
1455124217.1,254.94287489116815,809.9999999999999
1455124217.9,255.4724886688805,820.0
1455124218.7,255.7937339643882,839.9999999999999
1455124219.5,255.7074366093585,830.0000000000002
1455124220.3,255.98049512865532,800.0
1455124221.2,256.65214416122893,830.0000000000002
1455124222.0,257.3844164391733,830.0000000000002
1455124222.8,258.1623064101426,830.0000000000002
1455124223.7,258.6535103575446,839.9999999999999
1455124224.4,259.5084550435799,770.0000000000001
1455124225.2,260.2589767413362,770.0000000000001
1455124226.0,260.4715477608225,790.0000000000001
1455124226.8,260.60543147527517,780.0
1455124227.6,260.57281052500605,800.0
1455124228.4,260.35119273865973,770.0000000000001
1455124229.1,260.05438657079446,780.0
1455124229.9,260.14797755861593,780.0
1455124230.7,260.3184983769847,809.9999999999999
1455124231.5,260.46265912543976,800.0
1455124232.3,260.5327161910315,760.0000000000001
1455124233.1,261.3607442072926,800.0
1455124233.9,261.65827965298234,800.0
1455124234.7,260.12592074084625,809.9999999999999
1455124235.5,259.5904338795689,800.0
1455124236.3,260.14583050111304,780.0
1455124237.1,260.5954177316091,800.0
1455124237.9,261.0420975966054,790.0000000000001
1455124238.7,261.1565925347726,800.0
1455124239.4,261.68772795473177,780.0
1455124240.2,262.58647518079385,770.0000000000001
1455124241.0,263.102998105299,780.0
1455124241.8,263.54613653687403,790.0000000000001
1455124242.6,263.9473532782844,770.0000000000001
1455124243.3,264.6813643511261,770.0000000000001
1455124244.1,265.0071083455673,820.0
1455124245.0,264.96427774262,809.9999999999999
1455124245.7,264.79716496764223,790.0000000000001
1455124246.5,264.8799985831236,770.0000000000001
1455124247.2,263.67662176757324,730.0
1455124248.7,247.6890146462424,730.0
1455124249.4,239.74263968712853,780.0
1455124250.2,233.5537446988523,800.0
1455124251.1,231.17914610824283,820.0
1455124251.9,230.07184723059743,800.0
1455124252.7,229.8007172357489,809.9999999999999
1455124253.5,230.86819980097832,790.0000000000001
1455124254.2,231.99997704859692,790.0000000000001
1455124255.0,233.3979720764337,780.0
1455124255.8,234.81139496812733,790.0000000000001
1455124256.6,235.7915702494051,780.0
1455124257.4,236.6874753176,790.0000000000001
1455124258.2,238.0900745558612,770.0000000000001
1455124259.0,239.0214930568559,800.0
1455124259.8,239.8026212284837,809.9999999999999
1455124260.6,240.34882966734511,809.9999999999999
1455124261.4,241.1207745509253,820.0
1455124262.2,241.7959128571859,809.9999999999999
1455124263.0,242.6389761674221,790.0000000000001
1455124263.8,243.25160385213692,800.0
1455124264.6,243.7837928069191,800.0
1455124265.4,244.20462344554718,809.9999999999999
1455124266.2,244.66100227001598,780.0
1455124267.0,245.1473070000692,780.0
1455124267.7,245.5717749409363,780.0
1455124268.5,246.18864414297093,800.0
1455124269.3,246.89086752938,780.0
1455124270.1,247.651327344568,820.0
1455124271.0,248.44710990348358,839.9999999999999
1455124271.8,249.13122640643897,830.0000000000002
1455124272.6,249.77817698603062,830.0000000000002
1455124273.5,250.60185989812248,809.9999999999999
1455124274.3,251.3691659181237,800.0
1455124275.1,252.16665477031444,809.9999999999999
1455124275.9,252.81719132686345,809.9999999999999
1455124276.7,253.38492212273565,800.0
1455124277.5,254.08827733519138,790.0000000000001
1455124278.2,254.73059918207485,750.0
1455124279.0,255.7353523282315,780.0
1455124279.8,256.6040290519132,790.0000000000001
1455124280.6,257.5080068952695,820.0
1455124281.4,258.2443394637616,800.0
1455124282.2,259.1044898952237,770.0000000000001
1455124283.0,260.07766677927793,790.0000000000001
1455124283.8,259.5491609041977,809.9999999999999
1455124284.6,258.1830737925362,809.9999999999999
1455124285.4,257.6640814982994,820.0
1455124286.2,258.2219131303408,780.0
1455124287.0,258.5945980746878,800.0
1455124287.8,259.0742163460257,809.9999999999999
1455124288.6,259.5413563955056,800.0
1455124289.4,259.62918745232065,770.0000000000001
1455124290.1,259.90562810587187,750.0
1455124290.9,258.83313904954775,750.0
1455124291.7,257.84403371833776,800.0
1455124292.5,257.5741334837273,809.9999999999999
1455124293.3,257.8627457181136,800.0
1455124294.1,258.5843642115793,800.0
1455124294.9,259.40690367907257,809.9999999999999
1455124295.7,260.1388184851,820.0
1455124296.5,260.66465242330156,839.9999999999999
1455124297.4,261.1567128047669,830.0000000000002
1455124298.2,262.1010923178049,780.0
1455124298.9,262.9690379528276,790.0000000000001
1455124299.7,263.61499324679454,800.0
1455124300.5,264.06164995276873,790.0000000000001
1455124301.3,264.66225272836067,790.0000000000001
1455124302.1,265.55495276883414,770.0000000000001
1455124302.9,266.3965508160608,800.0
1455124303.7,267.12011184139124,830.0000000000002
1455124304.6,267.7100502330191,830.0000000000002
1455124305.4,268.18572020508753,809.9999999999999
1455124306.2,269.0813312774699,790.0000000000001
1455124307.0,269.96741068017053,800.0
1455124307.8,270.6985612172221,820.0
1455124308.6,271.3844214360419,800.0
1455124309.4,272.15868975703955,780.0
1455124310.1,272.8497623182549,780.0
1455124310.9,271.79324981623085,809.9999999999999
1455124311.8,270.6545124424955,820.0
1455124312.6,269.8691375964267,800.0
1455124313.3,270.6433619717721,770.0000000000001
1455124314.1,271.4957163305559,800.0
1455124314.9,272.10193085915984,809.9999999999999
1455124315.8,272.87740038664,809.9999999999999
1455124316.5,273.2967028844831,790.0000000000001
1455124317.3,274.04895121343066,740.0000000000001
1455124318.1,274.7849640521416,800.0
1455124318.9,274.57846114404447,780.0
1455124319.6,272.94043732365105,780.0
1455124320.3,272.5244444787303,700.0000000000001
1455124321.1,271.42961396942457,740.0000000000001
1455124321.9,267.50500389566884,770.0000000000001
1455124322.6,264.1803086042438,790.0000000000001
1455124323.4,261.84216017805574,770.0000000000001
1455124324.2,260.5655752758727,750.0
1455124324.9,260.045060530213,760.0000000000001
1455124325.7,256.42572240433185,750.0
1455124326.4,253.01853645697759,730.0
1455124327.1,250.9054496707873,720.0
1455124327.9,246.68570247940033,730.0
1455124328.6,244.2045712057306,740.0000000000001
1455124329.3,241.47228204800768,740.0000000000001
1455124330.1,237.09110534165646,760.0000000000001
1455124330.8,235.88473240993645,730.0
1455124331.6,235.95362222431305,770.0000000000001
1455124332.4,235.4687173477036,790.0000000000001
1455124333.2,234.72806740512607,790.0000000000001
1455124333.9,235.23594693071976,770.0000000000001
1455124334.7,236.21701828945183,790.0000000000001
1455124335.6,236.91517994941074,830.0000000000002
1455124336.4,237.4554176168673,830.0000000000002
1455124337.2,237.9797150667693,790.0000000000001
1455124338.0,238.6888665722826,790.0000000000001
1455124338.8,238.7889529579134,809.9999999999999
1455124339.6,238.5268974067535,809.9999999999999
1455124340.4,238.5583405893039,809.9999999999999
1455124341.2,238.62889390075816,809.9999999999999
1455124342.0,238.8669396913145,809.9999999999999
1455124342.8,237.2775125342226,800.0
1455124343.7,235.5641781485757,830.0000000000002
1455124344.5,235.15866246840068,820.0
1455124345.3,235.17790386737968,820.0
1455124346.1,235.28323309866772,790.0000000000001
1455124346.9,235.31875246057479,820.0
1455124347.7,235.4586599067828,830.0000000000002
1455124348.6,235.8663770360088,830.0000000000002
1455124349.4,236.1941093043599,809.9999999999999
1455124350.1,236.7118795745793,770.0000000000001
1455124350.9,237.70198478570728,790.0000000000001
1455124351.7,238.3790945809461,800.0
1455124352.6,238.94488838910252,820.0
1455124353.4,239.073203826486,830.0000000000002
1455124354.2,239.2694035571632,800.0
1455124354.9,239.85657796305145,760.0000000000001
1455124355.7,240.08755407577328,790.0000000000001
1455124356.5,237.85455829481882,800.0
1455124357.3,235.4412474908062,790.0000000000001
1455124358.1,234.54003954217004,809.9999999999999
1455124358.9,234.6800781841605,780.0
1455124359.7,235.13435678938995,790.0000000000001
1455124360.5,235.4851021087125,800.0
1455124361.3,236.0996624708757,809.9999999999999
1455124362.1,236.52119803341392,790.0000000000001
1455124362.9,237.03193061624057,800.0
1455124363.7,237.7178741343636,770.0000000000001
1455124364.5,238.2445947281138,800.0
1455124365.3,238.952010415868,809.9999999999999
1455124366.1,239.52943359897702,800.0
1455124366.9,239.98370132316484,790.0000000000001
1455124367.6,240.64487655861595,770.0000000000001
1455124368.4,241.40027139898243,800.0
1455124369.3,242.13847118483898,809.9999999999999
1455124370.1,242.4997354484342,809.9999999999999
1455124370.9,242.82513413130826,800.0
1455124371.6,243.51435416339282,780.0
1455124372.4,244.0425461311337,800.0
1455124373.3,244.591402157704,820.0
1455124374.1,245.3631924178276,800.0
1455124374.8,245.58227899805874,760.0000000000001
1455124375.6,246.4339602598257,790.0000000000001
1455124376.4,246.7491727951264,820.0
1455124377.3,247.2764543771239,820.0
1455124378.1,247.83461584433232,809.9999999999999
1455124378.9,248.55827863407467,800.0
1455124379.7,249.5418203705793,790.0000000000001
1455124380.4,250.26564804220484,790.0000000000001
1455124381.3,251.07038263290767,820.0
1455124382.1,251.8711293595484,809.9999999999999
1455124382.9,252.55995237657643,800.0
1455124383.7,253.474313362034,800.0
1455124384.5,254.46930325870053,790.0000000000001
1455124385.3,255.3433620358473,809.9999999999999
1455124386.1,256.3668942844614,820.0
1455124386.9,256.97850278282607,809.9999999999999
1455124387.7,257.85273770534957,790.0000000000001
1455124388.5,258.8456541311911,809.9999999999999
1455124389.3,258.7222495228113,800.0
1455124390.1,258.1046491105396,809.9999999999999
1455124390.9,257.9317130899017,800.0
1455124391.6,258.194259228776,730.0
1455124392.4,254.6713043186536,760.0000000000001
1455124393.2,249.24442359162398,780.0
1455124394.0,244.23245591093612,800.0
1455124394.8,240.47728060385415,780.0
1455124395.5,239.78801758148902,770.0000000000001
1455124396.3,238.65215411836868,800.0
1455124397.2,238.1682246027133,820.0
1455124398.0,238.431860444925,820.0
1455124398.8,238.53326353008643,809.9999999999999
1455124399.6,238.7745894832777,790.0000000000001
1455124400.3,239.51822219794025,770.0000000000001
1455124401.1,240.51483434255573,770.0000000000001
1455124401.9,241.3785373279808,780.0
1455124402.7,242.24435711157352,800.0
1455124403.5,242.9856350245738,780.0
1455124404.3,243.3438027990868,800.0
1455124405.1,244.23284958189862,780.0
1455124405.9,245.29045175627544,809.9999999999999
1455124406.7,246.30385841304886,820.0
1455124407.5,247.1924191044954,809.9999999999999
1455124408.3,247.93710064780151,830.0000000000002
1455124409.1,248.9383833439775,809.9999999999999
1455124410.0,250.1220080598676,830.0000000000002
1455124410.8,251.23702410030026,820.0
1455124411.6,252.27201401426274,839.9999999999999
1455124412.5,253.0655332636129,830.0000000000002
1455124413.3,253.6273953322724,809.9999999999999
1455124414.1,254.39838132700558,839.9999999999999
1455124414.9,255.51166655252547,830.0000000000002
1455124415.8,256.8017051722803,820.0
1455124416.6,257.6324263093278,839.9999999999999
1455124417.4,258.4546611179736,809.9999999999999
1455124418.2,259.70050595531814,800.0
1455124419.0,260.8907853496083,820.0
1455124419.8,262.07098189895885,820.0
1455124420.7,263.24800248369485,809.9999999999999
1455124421.5,264.2531854118047,800.0
1455124422.2,265.21697261485184,780.0
1455124423.0,266.321692685386,780.0
1455124423.8,267.3884958291696,809.9999999999999
1455124424.6,268.4755614301912,820.0
1455124425.5,269.5527795278773,809.9999999999999
1455124426.2,270.46771153069767,790.0000000000001
1455124427.0,271.6394508207341,800.0
1455124427.8,272.580543198321,800.0
1455124428.7,273.4084824467509,809.9999999999999
1455124429.5,274.10722029305487,800.0
1455124430.2,274.83903487042323,770.0000000000001
1455124431.0,276.12864998899,780.0
1455124431.8,274.96341484687576,780.0
1455124432.6,270.82258712513084,770.0000000000001
1455124433.3,268.59433727393935,750.0
1455124434.0,267.8844155492123,740.0000000000001
1455124434.8,267.9799297543615,780.0
1455124435.6,267.4092014180784,809.9999999999999
1455124436.4,266.887130297325,800.0
1455124437.2,267.0655170349412,780.0
1455124438.0,268.1540336716197,790.0000000000001
1455124438.8,268.237800574984,800.0
1455124439.6,267.43151628546286,820.0
1455124440.4,267.0577557218793,809.9999999999999
1455124441.2,267.4407971650336,780.0
1455124442.0,267.96033715129454,800.0
1455124442.8,268.52879346786665,820.0
1455124443.6,269.3124612883857,800.0
1455124444.4,269.8566178266357,809.9999999999999
1455124445.2,270.40295586139234,790.0000000000001
1455124446.0,271.14221737699376,800.0
1455124446.8,271.63581147466823,809.9999999999999
1455124447.7,272.2159038199967,809.9999999999999
1455124448.5,272.55949592534654,800.0
1455124449.3,273.20678656562853,809.9999999999999
1455124450.1,273.7579312432165,790.0000000000001
1455124450.9,273.96891869818086,800.0
1455124451.6,270.55287884202596,790.0000000000001
1455124452.4,264.837654173408,770.0000000000001
1455124453.2,261.9161041471853,750.0
1455124453.9,261.3288772355228,700.0000000000001
1455124454.6,257.53514809676443,750.0
1455124455.4,250.64936803492168,760.0000000000001
1455124456.2,245.89771144828686,780.0
1455124456.9,243.28658723591926,780.0
1455124457.7,242.3483800985691,800.0
1455124458.5,242.0682258013615,780.0
1455124459.3,242.84224989897243,750.0
1455124460.0,243.28761760823318,770.0000000000001
1455124460.8,244.23931693440738,750.0
1455124461.5,245.18390273849042,740.0000000000001
1455124462.3,245.7343427603564,750.0
1455124463.0,246.11564883783825,730.0
1455124463.7,246.50273206042084,740.0000000000001
1455124464.5,247.01807488795157,730.0
1455124465.2,247.83702720256008,750.0
1455124466.0,248.0560026475589,780.0
1455124466.8,248.80894864162983,750.0
1455124467.5,248.7594393035652,780.0
1455124468.3,246.7092174908706,790.0000000000001
1455124469.1,245.7982621169323,809.9999999999999
1455124469.9,246.0338737117413,800.0
1455124470.7,246.64526007237572,780.0
1455124471.5,247.72413834246032,760.0000000000001
1455124472.2,248.15154341079892,770.0000000000001
1455124473.0,247.7609299881088,780.0
1455124473.8,247.89293920536832,760.0000000000001
1455124474.5,248.2965109047021,760.0000000000001
1455124475.3,249.3571067827706,730.0
1455124476.0,250.27342004626078,750.0
1455124476.8,250.9425918117686,780.0
1455124477.6,251.3125462591656,780.0
1455124478.4,251.4334695331429,770.0000000000001
1455124479.1,251.4647264351352,730.0
1455124479.8,250.28191121145127,710.0
1455124480.5,246.5178512999643,689.9999999999999
1455124481.2,240.52974558827339,750.0
1455124482.1,231.858125292464,859.9999999999998
1455124482.9,224.7498528212089,850.0
1455124483.8,222.7906617812664,830.0000000000002
1455124484.6,205.474834492022,839.9999999999999
1455124485.4,205.6338938158664,820.0
1455124486.2,206.13826085182893,780.0
1455124487.0,206.022509418322,740.0000000000001
1455124487.7,205.65813832395241,710.0
1455124488.4,205.5422941848928,720.0
1455124489.1,205.9786456800629,740.0000000000001
1455124489.8,206.45891285713574,710.0
1455124490.6,207.29251888420185,720.0
1455124491.3,208.15310256375332,740.0000000000001
1455124492.0,209.00049838575717,740.0000000000001
1455124492.8,210.0419802582681,760.0000000000001
1455124493.6,211.000553003067,770.0000000000001
1455124494.3,211.6505667928347,770.0000000000001
1455124495.1,212.1116056752654,780.0
1455124495.9,212.8188392070462,750.0
1455124496.6,213.50529915942752,740.0000000000001
1455124497.4,213.9747299181866,760.0000000000001
1455124498.1,213.60361434076992,780.0
1455124499.0,213.90095153626248,830.0000000000002
1455124499.8,214.717765107458,820.0
1455124500.6,214.64474374169947,790.0000000000001
1455124501.4,215.16731895981246,800.0
1455124502.2,215.99593511493987,790.0000000000001
1455124503.0,215.1681320217717,809.9999999999999
1455124503.8,214.14702013960982,809.9999999999999
1455124504.6,214.17324528816624,809.9999999999999
1455124505.4,215.09175455385017,800.0
1455124506.2,215.54465797764385,800.0
1455124507.0,215.99511226239758,780.0
1455124507.8,216.42570937306888,809.9999999999999
1455124508.6,217.91510495162342,830.0000000000002
1455124509.4,218.77691265949662,820.0
1455124510.3,219.1923666128565,830.0000000000002
1455124511.1,219.346347883308,809.9999999999999
1455124511.9,219.89531995704186,800.0
1455124512.7,220.653446544222,800.0
1455124513.5,236.67122811205445,809.9999999999999
1455124514.3,237.47275733548332,809.9999999999999
1455124515.1,238.2176356130205,809.9999999999999
1455124515.9,238.5015774276721,809.9999999999999
1455124516.7,239.34615242715526,790.0000000000001
1455124517.5,239.6588958465186,809.9999999999999
1455124518.3,238.77269682834358,809.9999999999999
1455124519.1,238.42328357883582,790.0000000000001
1455124519.9,238.71434716186886,760.0000000000001
1455124520.7,239.35518886878052,790.0000000000001
1455124521.5,239.76257781965785,780.0
1455124522.2,239.92332276147042,780.0
1455124523.0,240.60200765042273,780.0
1455124523.8,241.36536515305173,790.0000000000001
1455124524.6,241.9813561051773,800.0
1455124525.4,242.31388541917698,800.0
1455124526.2,243.2691701663477,770.0000000000001
1455124527.0,244.13416657780445,790.0000000000001
1455124527.8,243.9267801564616,809.9999999999999
1455124528.6,243.9117952221741,800.0
1455124529.4,244.5257040072915,790.0000000000001
1455124530.1,245.3752150775856,760.0000000000001
1455124530.9,247.64143758200981,780.0
1455124531.7,248.6603171465334,780.0
1455124532.5,249.4867574697405,780.0
1455124533.2,250.49072272593887,730.0
1455124534.0,251.0566074566341,790.0000000000001
1455124534.8,251.3770657504405,780.0
1455124535.5,249.46014052036992,780.0
1455124536.3,250.45108848519192,740.0000000000001
1455124537.0,247.60842989780159,740.0000000000001
1455124537.8,240.32133874218087,760.0000000000001
1455124538.6,233.776160650328,780.0
1455124539.3,229.7928797712289,780.0
1455124540.1,227.536108721811,760.0000000000001
1455124540.8,225.7699571468848,730.0
1455124541.6,225.5874668700571,750.0
1455124542.4,226.37666362652527,770.0000000000001
1455124543.1,226.8455991550481,790.0000000000001
1455124543.9,227.4119892030209,780.0
1455124544.7,227.82941460596447,800.0
1455124545.5,228.28446772903905,740.0000000000001
1455124546.2,228.689150708515,780.0
1455124547.0,228.85629015552917,770.0000000000001
1455124547.8,229.13014967289712,780.0
1455124548.6,229.88890445138287,780.0
1455124549.3,230.6289999586118,740.0000000000001
1455124550.1,231.07541156359642,760.0000000000001
1455124550.9,231.26194437070492,780.0
1455124551.6,231.6692648196957,790.0000000000001
1455124552.4,231.95393549437583,790.0000000000001
1455124553.2,232.12126679541333,790.0000000000001
1455124554.0,232.60048744868976,809.9999999999999
1455124554.8,232.7550156692535,809.9999999999999
1455124555.7,232.68808674503586,839.9999999999999
1455124556.5,233.28509680362134,809.9999999999999
1455124557.3,233.8886909834717,780.0
1455124558.1,234.53968534799088,809.9999999999999
1455124558.9,235.2020107736189,800.0
1455124559.7,235.94944240656787,800.0
1455124560.5,236.79014399331245,800.0
1455124561.3,238.0728548095752,780.0
1455124562.1,239.14209571089245,809.9999999999999
1455124562.9,240.00280796031018,820.0
1455124563.7,240.48626350377893,809.9999999999999
1455124564.5,241.09767231838936,809.9999999999999
1455124565.3,241.91710624726798,780.0
1455124566.1,240.08093934765182,770.0000000000001
1455124566.9,234.69659204970569,790.0000000000001
1455124567.7,231.2998457731986,809.9999999999999
1455124568.5,229.6369831550373,800.0
1455124569.2,229.7688880184709,780.0
1455124570.0,230.6137966287978,780.0
1455124570.8,230.98800094828312,790.0000000000001
1455124571.6,228.57226596114498,790.0000000000001
1455124572.4,226.84724854947243,770.0000000000001
1455124573.1,226.328882441241,760.0000000000001
1455124573.9,226.90155680644435,750.0
1455124574.6,226.74479389046158,760.0000000000001
1455124575.4,224.4560820552369,780.0
1455124576.2,223.55284411353418,780.0
1455124577.0,223.91170943348385,780.0
1455124577.8,224.8430444488825,770.0000000000001
1455124578.5,226.0143937714169,770.0000000000001
1455124579.3,227.1249979556572,770.0000000000001
1455124580.1,228.2365407614991,780.0
1455124580.9,229.38973372987115,780.0
1455124581.6,230.1998218046786,780.0
1455124582.4,231.04293887592016,770.0000000000001
1455124583.2,232.01028505681802,790.0000000000001
1455124584.0,231.7913490223877,790.0000000000001
1455124584.8,231.6297248948581,800.0
1455124585.6,231.66376152335255,790.0000000000001
1455124586.3,232.3151252233196,760.0000000000001
1455124587.1,233.26067856268486,780.0
1455124587.9,233.85577297286,770.0000000000001
1455124588.7,234.79588835359573,790.0000000000001
1455124589.4,235.72546471328738,770.0000000000001
1455124590.2,236.64505082048072,720.0
1455124590.9,237.0339022355615,770.0000000000001
1455124591.7,235.49922980432117,780.0
1455124592.5,234.6894900112412,800.0
1455124593.3,234.9684102352855,790.0000000000001
1455124594.1,235.66735264356186,770.0000000000001
1455124594.8,236.5200012661438,760.0000000000001
1455124595.6,236.5863010995461,780.0
1455124596.4,234.7142414920895,770.0000000000001
1455124597.2,234.05231261405342,800.0
1455124597.9,234.27734865382442,760.0000000000001
1455124598.7,234.91894382874312,790.0000000000001
1455124599.5,234.99452145754472,800.0
1455124600.3,235.00321955986493,800.0
1455124601.1,235.1256055331174,800.0
1455124601.9,235.04571783670949,800.0
1455124602.7,235.541174616354,800.0
1455124603.5,236.40304132302032,800.0
1455124604.3,237.00825443911015,809.9999999999999
1455124605.1,237.6315931131666,800.0
1455124605.9,238.26292309785055,780.0
1455124606.7,238.7891214533542,820.0
1455124607.6,237.8533049138509,830.0000000000002
1455124608.4,237.1941957512106,830.0000000000002
1455124609.2,237.47053357858087,830.0000000000002
1455124610.1,237.56611118190062,820.0
1455124610.8,238.09882129353957,770.0000000000001
1455124611.6,237.89568460347286,750.0
1455124612.4,230.2562642102975,780.0
1455124613.2,220.63631851613133,809.9999999999999
1455124614.0,196.8072597877396,830.0000000000002
1455124614.8,186.42379476502015,830.0000000000002
1455124615.7,182.50994758056248,830.0000000000002
1455124616.5,181.7852674354193,800.0
1455124617.2,182.5457378095276,780.0
1455124618.0,183.5419512988656,780.0
1455124618.8,185.2301576110956,790.0000000000001
1455124619.6,185.9370705035009,780.0
1455124620.3,186.4053447217672,750.0
1455124621.1,187.59420280617059,750.0
1455124621.8,188.18615164047318,750.0
1455124622.6,188.77973154027768,790.0000000000001
1455124623.4,189.59267248134498,780.0
1455124624.2,190.43011635133087,790.0000000000001
1455124625.0,191.2861799021296,790.0000000000001
1455124625.8,192.07001122831883,780.0
1455124626.5,192.44878487445717,770.0000000000001
1455124627.3,193.0716820776542,800.0
1455124628.1,193.6964223945462,760.0000000000001
1455124628.9,194.3278167412442,790.0000000000001
1455124629.7,194.91986567556825,790.0000000000001
1455124630.4,195.6209587101625,750.0
1455124631.2,196.3460326081596,780.0
1455124632.0,196.99384621365985,800.0
1455124632.8,197.64608198766004,800.0
1455124633.6,198.4286289614638,809.9999999999999
1455124634.4,199.241537373986,770.0000000000001
1455124635.2,199.9281191220762,790.0000000000001
1455124636.0,200.73112946335152,800.0
1455124636.8,201.67063934901557,790.0000000000001
1455124637.6,202.752497770076,790.0000000000001
1455124638.3,203.48817129470902,780.0
1455124639.1,204.3629571400084,780.0
1455124639.9,205.13398613561,780.0
1455124640.7,205.5651180348584,780.0
1455124641.4,206.07004481206602,740.0000000000001
1455124642.2,206.92060484732238,760.0000000000001
1455124643.0,207.12982118352096,809.9999999999999
1455124643.7,206.69027320952407,750.0
1455124644.5,205.20119890177742,730.0
1455124645.2,200.47065996092547,740.0000000000001
1455124646.0,194.1839859923066,780.0
1455124646.8,190.4214191305444,809.9999999999999
1455124647.6,190.19539304897592,800.0
1455124648.4,188.8381561358111,780.0
1455124649.1,189.0121762523269,750.0
1455124649.9,189.9026817538316,760.0000000000001
1455124650.7,190.35308190388253,780.0
1455124651.5,191.1573691111529,790.0000000000001
1455124652.2,191.7917081191127,790.0000000000001
1455124653.0,192.46926295497312,770.0000000000001
1455124653.8,193.0303407095189,790.0000000000001
1455124654.6,194.04297317949693,800.0
1455124655.4,195.3516372201317,809.9999999999999
1455124656.2,195.91033209422932,820.0
1455124657.0,196.59694691490643,800.0
1455124657.8,197.36055614202644,770.0000000000001
1455124658.6,198.21764516675847,800.0
1455124659.4,198.9190936017036,820.0
1455124660.2,199.68097755735909,809.9999999999999
1455124661.0,200.49240907779,790.0000000000001
1455124661.8,201.38477133562645,809.9999999999999
1455124662.6,202.36564131791846,809.9999999999999
1455124663.5,203.30966278064568,820.0
1455124664.3,204.25009434216838,790.0000000000001
1455124665.0,205.3957826941693,770.0000000000001
1455124665.8,204.34048393585843,770.0000000000001
1455124666.6,200.665458992611,790.0000000000001
1455124667.4,196.5765533980125,820.0
1455124668.2,193.83828819967087,809.9999999999999
1455124669.0,193.152183434245,809.9999999999999
1455124669.8,193.4948379302876,820.0
1455124670.6,194.5922542017791,800.0
1455124671.4,195.76606143804446,800.0
1455124672.3,196.89941909478455,820.0
1455124673.0,197.603514359106,780.0
1455124673.8,198.77055822154637,770.0000000000001
1455124674.6,199.733975302363,790.0000000000001
1455124675.4,200.774674623181,790.0000000000001
1455124676.2,201.6710220287154,809.9999999999999
1455124677.0,202.33099632731862,820.0
1455124677.8,203.1987675692767,820.0
1455124678.7,204.16099571510028,830.0000000000002
1455124679.5,205.0190627646408,850.0
1455124680.4,206.1156925119972,830.0000000000002
1455124681.2,207.08324744317292,820.0
1455124682.0,208.1417221165944,820.0
1455124682.8,209.1186256993108,830.0000000000002
1455124683.6,210.0420073162698,809.9999999999999
1455124684.5,211.02349311907705,830.0000000000002
1455124685.3,211.94247642848202,800.0
1455124686.1,212.9890738817272,820.0
1455124686.9,213.61707678849774,839.9999999999999
1455124687.8,214.396238918436,839.9999999999999
1455124688.6,215.16673779953842,809.9999999999999
1455124689.4,215.89595949707345,800.0
1455124690.2,216.9573447266095,820.0
1455124691.0,215.89484474448258,830.0000000000002
1455124691.9,212.7708331361987,839.9999999999999
1455124692.7,210.63919469154357,830.0000000000002
1455124693.5,210.6879203510284,800.0
1455124694.3,211.3377180561324,809.9999999999999
1455124695.1,211.2397046474344,839.9999999999999
1455124696.0,210.6883569887587,830.0000000000002
1455124696.8,210.377088580206,800.0
1455124697.5,210.44783665011272,770.0000000000001
1455124698.3,210.68890185849583,790.0000000000001
1455124699.1,211.5293966355696,800.0
1455124700.0,212.18420800223998,820.0
1455124700.7,212.8191201820829,790.0000000000001
1455124701.5,213.5785099425716,800.0
1455124702.4,214.396009026876,830.0000000000002
1455124703.2,215.0179307977725,830.0000000000002
1455124704.0,215.61780202690983,809.9999999999999
1455124704.8,216.32520690117667,800.0
1455124705.6,216.98251240940075,800.0
1455124706.4,217.160653668045,820.0
1455124707.3,217.18749388535358,830.0000000000002
1455124708.0,217.46606213832303,780.0
1455124708.8,218.15947016389583,760.0000000000001
1455124709.6,215.9208365422512,800.0
1455124710.4,210.71113794219482,800.0
1455124711.2,207.781609509124,820.0
1455124712.0,206.82813203750686,800.0
1455124712.8,208.06027073916644,780.0
1455124713.6,209.47305906787102,800.0
1455124714.4,210.63903123315947,800.0
1455124715.2,211.6761502025856,800.0
1455124716.0,212.57431789129268,800.0
1455124716.8,213.35740113013927,770.0000000000001
1455124717.5,214.148308847183,770.0000000000001
1455124718.3,214.86715266226216,790.0000000000001
1455124719.1,215.04333164558741,790.0000000000001
1455124719.9,215.76952278927047,800.0
1455124720.7,216.5760742316497,800.0
1455124721.5,217.57074620857207,780.0
1455124722.3,218.4928659895056,800.0
1455124723.1,218.5446437026896,809.9999999999999
1455124723.9,218.36530626918235,800.0
1455124724.7,218.82807968385762,780.0
1455124725.5,219.68660247300454,800.0
1455124726.3,220.391780638386,780.0
1455124727.0,236.40981358704917,770.0000000000001
1455124727.8,237.0095066125795,760.0000000000001
1455124728.6,237.50498752312552,780.0
1455124729.4,238.00585088042416,820.0
1455124730.2,238.527013375094,820.0
1455124731.0,239.25176268723342,800.0
1455124731.8,240.24539253070407,809.9999999999999
1455124732.6,240.7227898212879,809.9999999999999
1455124733.5,240.763810800752,809.9999999999999
1455124734.3,241.2278873023468,800.0
1455124735.0,241.90139577946042,770.0000000000001
1455124735.8,242.6127927134092,780.0
1455124736.6,242.60698674893464,780.0
1455124737.4,241.61992576633583,770.0000000000001
1455124738.1,241.6821168483802,750.0
1455124738.8,242.42950356624576,740.0000000000001
1455124739.6,240.81617001963605,770.0000000000001
1455124740.4,236.0027177800006,820.0
1455124741.3,233.46334881636417,850.0
1455124742.1,233.83080405465824,809.9999999999999
1455124742.9,234.573782967397,800.0
1455124743.7,235.6748702005626,790.0000000000001
1455124744.5,236.6030917697068,780.0
1455124745.2,236.99140365491948,780.0
1455124746.0,237.17479330744064,800.0
1455124746.8,237.2951926111003,790.0000000000001
1455124747.6,237.84461352747658,780.0
1455124748.4,238.48176584004014,770.0000000000001
1455124749.2,237.83732653101023,780.0
1455124750.0,235.89121981773656,800.0
1455124750.7,235.23530264102527,760.0000000000001
1455124751.5,235.58389049830555,750.0
1455124752.2,236.26779355164746,760.0000000000001
1455124753.0,236.42032000352526,760.0000000000001
1455124753.8,235.8574859142804,780.0
1455124754.6,235.70933441860817,800.0
1455124755.3,236.16755943655255,760.0000000000001
1455124756.1,237.10805163783752,790.0000000000001
1455124756.9,237.63374297107097,820.0
1455124757.8,238.4220881224768,809.9999999999999
1455124758.6,239.0299410645734,800.0
1455124759.3,239.60583569672764,780.0
1455124760.1,240.29532240969291,800.0
1455124761.0,241.0012609176996,820.0
1455124761.8,241.62876022858882,820.0
1455124762.6,242.26927531448047,790.0000000000001
1455124763.3,242.91966412022225,780.0
1455124764.1,243.4363893427087,780.0
1455124764.9,242.0424612464222,780.0
1455124765.7,240.0107869160616,809.9999999999999
1455124766.5,239.09783217905033,790.0000000000001
1455124767.3,239.95148977767968,780.0
1455124768.1,241.81615453101548,780.0
1455124768.9,242.06823223735782,809.9999999999999
1455124769.7,241.8221754139133,790.0000000000001
1455124770.5,242.8999636744716,809.9999999999999
1455124771.3,243.05733625240487,780.0
1455124772.0,243.3209932866851,740.0000000000001
1455124772.7,242.11255414043373,740.0000000000001
1455124773.5,233.9381916408565,750.0
1455124774.3,227.93905632213082,770.0000000000001
1455124775.1,225.41286082793442,809.9999999999999
1455124775.9,224.1753155092195,790.0000000000001
1455124776.6,204.79371485586563,760.0000000000001
1455124777.4,200.8392597597427,750.0
1455124778.1,196.2217683415629,740.0000000000001
1455124778.9,193.0510322398445,750.0
1455124779.6,192.12895562612732,730.0
1455124780.3,192.8304293809265,750.0
1455124781.0,193.31221634958985,700.0000000000001
1455124781.7,193.85983546195962,700.0000000000001
1455124782.5,194.16396993780342,740.0000000000001
1455124783.2,194.5926410393294,730.0
1455124786.0,189.78590140294529,760.0000000000001
1455124786.8,186.34942845115418,820.0
1455124787.6,184.30846268050112,839.9999999999999
1455124788.5,183.9602267835919,839.9999999999999
1455124789.3,184.4927777634805,800.0
1455124790.1,185.0265765694913,830.0000000000002
1455124790.9,185.6386176676935,800.0
1455124791.7,186.49948361854615,790.0000000000001
1455124792.5,187.1391721764564,790.0000000000001
1455124793.2,187.72810656164958,740.0000000000001
1455124793.9,187.9371999314,720.0
1455124794.7,188.5494091687027,750.0
1455124795.4,188.9542214511609,740.0000000000001
1455124796.2,189.1267834630177,750.0
1455124797.0,189.495222531423,770.0000000000001
1455124797.7,189.92229177365917,760.0000000000001
1455124798.5,190.43007592808533,770.0000000000001
1455124799.3,190.8429925310263,800.0
1455124800.1,191.23609412790142,780.0
1455124800.8,191.33602125602985,770.0000000000001
1455124801.6,191.6920209566277,770.0000000000001
1455124802.4,192.04949506670874,770.0000000000001
1455124803.2,192.3296162393134,790.0000000000001
1455124803.9,190.01958201199002,760.0000000000001
1455124804.7,186.630824290168,730.0
1455124805.4,185.6014885432975,760.0000000000001
1455124806.2,185.7690177242212,780.0
1455124807.0,185.7695785519364,800.0
1455124807.8,186.1421385745112,780.0
1455124808.5,186.17975508189843,750.0
1455124809.3,186.34820160207832,740.0000000000001
1455124810.0,186.29200259456002,710.0
1455124810.7,185.9180940377983,700.0000000000001
1455124811.4,180.97616731527918,700.0000000000001
1455124812.1,175.5713367808971,700.0000000000001
1455124812.8,173.02837225374222,730.0
1455124813.5,172.22449789862466,720.0
1455124814.2,172.6253125317076,720.0
1455124815.0,173.10955495795605,720.0
1455124816.4,174.90783759032908,720.0
1455124817.1,175.57190491549682,720.0
1455124817.8,175.66268252872746,740.0000000000001
1455124818.6,176.3072369098835,740.0000000000001
1455124819.3,177.065570197917,740.0000000000001
1455124820.1,177.76208318094731,750.0
1455124820.8,178.37914087679718,720.0
1455124821.5,178.68822904453506,750.0
1455124822.3,179.03433675253086,760.0000000000001
1455124823.1,179.38108316107392,780.0
1455124823.9,179.82478477705104,800.0
1455124824.6,179.92151418258553,780.0
1455124825.4,180.25373276043084,760.0000000000001
1455124826.2,179.9737016136753,790.0000000000001
1455124827.0,179.74687574153995,800.0
1455124827.8,179.8160529538126,790.0000000000001
1455124828.6,180.30680632951703,820.0
1455124829.4,180.78211799661202,760.0000000000001
1455124830.1,181.419103415199,780.0
1455124830.9,181.508665687042,780.0
1455124831.7,181.41945164608958,790.0000000000001
1455124832.5,181.52591552803204,809.9999999999999
1455124833.3,181.7046591258749,790.0000000000001
1455124834.1,182.115011420397,790.0000000000001
1455124834.9,182.6541375921296,820.0
1455124835.7,183.26908084543328,820.0
1455124836.6,183.99684087523468,809.9999999999999
1455124837.4,184.6944105881657,809.9999999999999
1455124838.2,185.49036089539717,820.0
1455124839.0,186.0673946357197,830.0000000000002
1455124839.8,186.5926379768562,830.0000000000002
1455124840.7,187.55689608884396,830.0000000000002
1455124841.5,188.29995142961042,790.0000000000001
1455124842.3,189.2237546523637,790.0000000000001
1455124843.1,190.137243612413,809.9999999999999
1455124843.9,190.94031497537918,809.9999999999999
1455124844.7,191.6920209566277,800.0
1455124845.4,192.3689104395631,770.0000000000001
1455124846.2,193.17106860105338,780.0
1455124847.0,194.10328002234382,820.0
1455124847.9,195.08462216364785,830.0000000000002
1455124848.7,195.95090632327359,809.9999999999999
1455124849.5,196.86838856078742,770.0000000000001
1455124850.2,197.64540635845592,770.0000000000001
1455124851.0,196.90943615529903,770.0000000000001
1455124851.8,195.64131368007176,800.0
1455124852.6,195.29035292217213,800.0
1455124853.4,195.57841670546279,790.0000000000001
1455124854.2,196.1491296130743,780.0
1455124854.9,196.72125109455047,780.0
1455124855.8,197.58169116918026,809.9999999999999
1455124856.6,198.3550204237021,830.0000000000002
1455124857.4,199.13313338773318,820.0
1455124858.2,199.8849501589721,809.9999999999999
1455124859.0,200.62229109500203,820.0
1455124859.9,201.560612240622,820.0
1455124860.7,202.28668686650317,809.9999999999999
1455124861.5,202.7747743810133,809.9999999999999
1455124862.3,203.66697316320045,780.0
1455124863.0,204.31796113617847,790.0000000000001
1455124863.9,204.6350285439912,809.9999999999999
1455124864.6,204.951245568358,790.0000000000001
1455124865.4,205.4969502097292,780.0
1455124866.2,206.3682363133344,780.0
1455124867.0,207.1057053194036,800.0
1455124867.8,207.50028177920112,809.9999999999999
1455124868.6,208.10768576487732,830.0000000000002
1455124869.5,208.8814155342177,820.0
1455124870.3,209.7326950739057,790.0000000000001
1455124871.1,210.56872183624748,809.9999999999999
1455124871.9,210.56768733245326,809.9999999999999
1455124872.7,210.61526821834005,830.0000000000002
1455124873.5,211.0965331983357,809.9999999999999
1455124874.3,211.89274234908157,790.0000000000001
1455124875.1,212.7203006146696,800.0
1455124875.9,213.50643436604187,830.0000000000002
1455124876.8,214.44467468011769,830.0000000000002
1455124877.6,215.21713346176938,830.0000000000002
1455124878.4,216.04686295367125,820.0
1455124879.3,216.14677731597604,839.9999999999999
1455124880.1,215.01706117939247,830.0000000000002
1455124880.9,214.44536515186832,839.9999999999999
1455124881.7,214.54384451838882,820.0
1455124882.6,214.84233176682673,809.9999999999999
1455124883.4,215.4186632203128,839.9999999999999
1455124884.2,215.51823384326846,820.0
1455124885.1,215.9697075479163,839.9999999999999
1455124885.9,216.60278432559798,820.0
1455124886.7,217.3650385192924,800.0
1455124887.5,218.02936461272608,820.0
1455124888.3,217.05950639313568,839.9999999999999
1455124889.2,215.26787899829498,859.9999999999998
1455124890.0,214.51862021623498,830.0000000000002
1455124890.8,214.27155671351952,809.9999999999999
1455124891.7,214.91864641387127,820.0
1455124892.5,215.51741651933915,839.9999999999999
1455124893.3,216.1216663440809,839.9999999999999
1455124894.2,216.6281911143553,820.0
1455124895.0,217.16053421742907,809.9999999999999
1455124895.8,217.8245002701908,839.9999999999999
1455124896.7,218.36530734223481,859.9999999999998
1455124897.5,218.6994287763196,830.0000000000002
1455124898.3,219.32064388694766,800.0
1455124899.1,219.3607087842529,809.9999999999999
1455124899.9,216.90635311704705,820.0
1455124900.7,214.71782288023186,820.0
1455124901.6,213.7523098457463,809.9999999999999
1455124902.3,213.72731860967826,780.0
1455124903.2,214.24564553312808,820.0
1455124904.0,214.51977166555253,830.0000000000002
1455124904.8,214.99287820588702,830.0000000000002
1455124905.6,215.51729975931968,800.0
1455124906.4,215.9582980528388,800.0
1455124907.2,216.29867959482345,809.9999999999999
1455124908.0,215.69307676688751,809.9999999999999
1455124908.9,215.81962797304126,820.0
1455124909.7,216.24816349408843,800.0
1455124910.4,216.65205487042,740.0000000000001
1455124911.1,216.2736280340493,710.0
1455124911.8,211.1438364201712,700.0000000000001
1455124912.6,201.8476350470044,800.0
1455124913.5,193.63662075102985,859.9999999999998
1455124914.3,190.3711236137793,839.9999999999999
1455124915.2,189.7085786974524,850.0
1455124916.0,188.4924335493138,839.9999999999999
1455124916.8,188.22329450721736,790.0000000000001
1455124917.5,188.70381978040402,760.0000000000001
1455124918.3,188.79945467156617,780.0
1455124919.1,188.645240061999,730.0
1455124919.8,188.49262895342545,740.0000000000001
1455124920.5,188.8567405449893,750.0
1455124921.3,189.26300986260068,750.0
1455124922.1,189.844890437837,770.0000000000001
1455124922.8,190.46913600999954,760.0000000000001
1455124923.6,191.1779977434514,750.0
1455124924.3,191.83051314746223,770.0000000000001
1455124925.1,192.32895217966816,770.0000000000001
1455124925.9,192.8302202362318,760.0000000000001
1455124926.7,193.2316747398604,780.0
1455124927.4,193.81886484848118,780.0
1455124928.2,194.2970878434189,800.0
1455124929.0,195.0633998271444,809.9999999999999
1455124929.9,195.82699133109628,820.0
1455124930.7,196.32612368679185,820.0
1455124931.5,196.9514629646299,809.9999999999999
1455124932.3,197.6242579301197,820.0
1455124933.1,197.4776569897105,830.0000000000002
1455124934.0,196.8682106243489,820.0
1455124934.8,196.6167186592356,820.0
1455124935.6,197.20420731692192,780.0
1455124936.4,197.85689252258285,809.9999999999999
1455124937.2,198.004163758811,800.0
1455124938.0,198.15347259200334,800.0
1455124938.8,198.47192795911812,800.0
1455124939.6,199.025607563539,790.0000000000001
1455124940.3,199.3910809340034,780.0
1455124941.1,200.0799345466565,770.0000000000001
1455124941.9,200.404098977984,800.0
1455124942.7,200.51378231600867,820.0
1455124943.6,201.10180661902803,820.0
1455124944.3,201.494319784902,790.0000000000001
1455124945.1,202.06711507661504,790.0000000000001
1455124945.9,202.7303671928509,790.0000000000001
1455124946.7,203.1967123311037,800.0
1455124947.5,203.73434415905743,809.9999999999999
1455124948.3,204.3187569700287,790.0000000000001
1455124949.1,205.1097530659616,760.0000000000001
1455124949.9,205.7488262682789,780.0
1455124950.6,206.2529926448159,770.0000000000001
1455124951.4,206.73550506943448,800.0
1455124952.3,207.36134054815813,820.0
1455124953.0,207.87386938484505,790.0000000000001
1455124953.9,208.69264118050486,809.9999999999999
1455124954.7,209.2353635261557,830.0000000000002
1455124955.5,209.75801995005853,809.9999999999999
1455124956.3,210.42412738033119,809.9999999999999
1455124957.1,211.1194716288594,800.0
1455124957.9,211.9181088010837,800.0
1455124958.7,212.06320412394902,790.0000000000001
1455124959.4,212.20812992797667,750.0
1455124960.2,212.185322265171,760.0000000000001
1455124961.0,209.92361778778286,780.0
1455124961.7,208.43438274574555,760.0000000000001
1455124962.5,207.43177451944,750.0
1455124963.2,207.40744660841045,740.0000000000001
1455124963.9,207.94320648957927,710.0
1455124964.7,205.63500939520782,770.0000000000001
1455124965.5,200.2531719431773,790.0000000000001
1455124966.3,195.72338565868603,809.9999999999999
1455124967.1,194.30733036082356,820.0
1455124968.0,194.73596114141785,820.0
1455124968.8,195.18675028465603,809.9999999999999
1455124969.5,195.60038586743354,770.0000000000001
1455124970.3,196.0141148454541,750.0
1455124971.0,196.78393494068283,760.0000000000001
1455124971.8,197.18355028102943,760.0000000000001
1455124972.6,197.20362567563305,760.0000000000001
1455124973.3,195.125465025619,750.0
1455124974.1,193.65731730370842,770.0000000000001
1455124974.9,191.81090504228,800.0
1455124975.7,190.41046541393047,790.0000000000001
1455124976.5,190.1181542597895,830.0000000000002
1455124977.3,190.74400771760318,830.0000000000002
1455124978.2,190.78298583109185,820.0
1455124979.0,190.52921794105617,839.9999999999999
1455124979.8,189.30151436495646,820.0
1455124980.7,189.86358199016945,839.9999999999999
1455124981.5,189.84528910773318,830.0000000000002
1455124982.3,190.1962356069456,800.0
1455124983.1,189.7468816176498,809.9999999999999
1455124983.9,188.7231507922212,839.9999999999999
1455124984.8,186.725115178243,830.0000000000002
1455124985.6,186.3857242445136,800.0
1455124986.3,185.8259459997628,770.0000000000001
1455124987.1,180.53598764217412,790.0000000000001
1455124987.9,175.30522697279534,800.0
1455124988.7,174.15210003895515,809.9999999999999
1455124989.5,173.6291761061857,780.0
1455124990.3,168.78674263771686,800.0
1455124991.1,159.64888744233258,800.0
1455124991.9,155.71488475001325,780.0
1455124992.7,154.92031260339309,780.0
1455124993.4,154.81685207879056,760.0000000000001
1455124994.2,155.91142967547486,790.0000000000001
1455124995.0,157.5969852498905,820.0
1455124995.9,159.1681388522057,830.0000000000002
1455124996.7,160.0897279703676,820.0
1455124997.5,161.34544322136657,800.0
1455124998.3,161.76807624751603,830.0000000000002
1455124999.2,161.54202651843391,830.0000000000002
1455125000.0,161.47191151455326,820.0
1455125000.8,162.0370149971971,790.0000000000001
1455125001.6,162.86328668133459,790.0000000000001
1455125002.3,162.87807102079844,780.0
1455125003.1,161.65512502869404,809.9999999999999
1455125003.9,160.6592377797753,800.0
1455125004.7,160.8549687392461,770.0000000000001
1455125005.5,160.631511177876,750.0
1455125006.2,157.28896972210947,770.0000000000001
1455125007.0,153.64188055494742,790.0000000000001
1455125007.8,151.7216469200401,800.0
1455125008.6,152.03343174883491,780.0
1455125009.4,153.31109125838572,800.0
1455125010.2,154.08230218928233,820.0
1455125011.0,153.5333360207155,820.0
1455125011.9,154.29480389747533,830.0000000000002
1455125012.7,155.36220698321682,800.0
1455125013.5,156.4912382229982,780.0
1455125014.3,157.35608511006134,800.0
1455125015.0,157.77108559040903,790.0000000000001
1455125015.8,158.4056220106508,800.0
1455125016.6,158.77275134928618,790.0000000000001
1455125017.4,159.3871277515946,780.0
1455125018.2,159.96538731004148,800.0
1455125019.0,160.3259841385148,830.0000000000002
1455125019.9,160.70135969554332,820.0
1455125020.7,161.23261656848558,800.0
1455125021.5,161.71184732983272,809.9999999999999
1455125022.3,162.26440434398052,800.0
1455125023.1,162.83465033483228,800.0
1455125023.9,163.25148296961115,830.0000000000002
1455125024.7,163.66986740132478,809.9999999999999
1455125025.5,164.25007401791814,790.0000000000001
1455125026.3,164.7618673137526,830.0000000000002
1455125027.2,165.3507750521497,820.0
1455125028.0,165.80915325459404,820.0
1455125028.8,166.34524061929105,809.9999999999999
1455125029.6,166.9304683727585,809.9999999999999
1455125030.4,167.45846506958654,809.9999999999999
1455125031.2,167.8833655261603,820.0
1455125032.0,168.26537113284158,820.0
1455125032.8,168.64818505062692,790.0000000000001
1455125033.6,169.24890906553316,790.0000000000001
1455125034.4,169.90167500356782,800.0
1455125035.2,170.30779994184928,809.9999999999999
1455125036.1,170.62120935106188,820.0
1455125036.9,171.09446063103638,830.0000000000002
1455125037.7,171.586186101882,790.0000000000001
1455125038.5,172.14381714984034,830.0000000000002
1455125039.3,172.72208835727452,820.0
1455125040.2,172.99676288041508,830.0000000000002
1455125041.0,173.4664121534475,820.0
1455125041.8,174.2330940535651,780.0
1455125042.6,174.92504438368798,800.0
1455125043.4,175.53010129426883,809.9999999999999
1455125044.2,176.2897612534724,809.9999999999999
1455125045.0,177.08266552007308,809.9999999999999
1455125045.8,177.8736371649025,790.0000000000001
1455125046.6,178.8436196557224,809.9999999999999
1455125047.4,179.78146454472858,820.0
1455125048.2,180.37748161314255,809.9999999999999
1455125049.0,180.71116626889432,750.0
1455125049.7,181.86496551107712,750.0
1455125050.5,181.04750071733795,780.0
1455125051.3,177.031444231494,790.0000000000001
1455125052.1,173.6452968198544,780.0
1455125052.8,172.69017501592592,780.0
1455125053.6,172.7378795416061,760.0000000000001
1455125054.4,173.4176224471589,800.0
1455125055.2,174.03729628404366,790.0000000000001
1455125056.0,174.7757704255352,800.0
1455125056.8,175.5382345847194,780.0
1455125057.5,176.27369138412158,760.0000000000001
1455125058.3,176.8284379609571,790.0000000000001
1455125059.1,176.4583836941376,809.9999999999999
1455125059.9,176.1228637638861,800.0
1455125060.7,176.55869837468958,780.0
1455125061.5,177.33705765767948,809.9999999999999
1455125062.3,177.8138643276756,809.9999999999999
1455125063.2,177.94998021524276,830.0000000000002
1455125064.0,177.9589889129391,800.0
1455125064.7,178.01895830728802,780.0
1455125065.5,177.23467742833645,790.0000000000001
1455125066.4,173.72690811579034,830.0000000000002
1455125067.2,172.04841339465682,820.0
1455125068.0,172.560870645462,800.0
1455125068.8,172.06432658511451,790.0000000000001
1455125069.6,172.06432658511451,790.0000000000001
1455125070.4,172.36803985059936,800.0
1455125071.2,171.60204045048516,820.0
1455125071.9,171.3794602985409,760.0000000000001
1455125072.7,171.426759167567,730.0
1455125073.4,168.91015794421003,710.0
1455125074.2,163.61172960254518,770.0000000000001
1455125074.9,159.27083229717164,780.0
1455125075.7,156.71670666143697,800.0
1455125076.5,155.8065058490069,809.9999999999999
1455125077.4,156.4846082069153,809.9999999999999
1455125078.1,157.3159429728907,790.0000000000001
1455125078.9,158.0269566873561,760.0000000000001
1455125079.7,159.00398523279972,790.0000000000001
1455125080.5,159.96588859375217,770.0000000000001
1455125081.2,160.81262767399392,740.0000000000001
1455125082.0,161.61285436080053,760.0000000000001
1455125082.7,162.27868481332942,730.0
1455125083.5,162.34931357109429,770.0000000000001
1455125084.2,160.3258879275354,760.0000000000001
1455125085.0,158.85425516049108,740.0000000000001
1455125085.7,158.52744775775088,720.0
1455125086.4,158.7865416010167,720.0
1455125087.1,158.23617368711146,740.0000000000001
1455125087.9,156.7829854319198,730.0
1455125088.6,156.79640315304542,750.0
1455125089.4,157.4223144531166,750.0
1455125090.1,157.89286264486609,750.0
1455125090.9,158.5821865158608,770.0000000000001
1455125091.7,159.2362477030386,770.0000000000001
1455125092.4,160.0214385097338,720.0
1455125093.1,160.4850774426303,730.0
1455125093.9,160.09020653352118,740.0000000000001
1455125094.6,159.6485550965762,720.0
1455125095.3,159.63443111296698,750.0
1455125096.1,159.92463204030898,740.0000000000001
1455125096.8,160.27678906038597,720.0
1455125097.5,160.7992980881528,750.0
1455125098.3,161.52865737599092,760.0000000000001
1455125099.1,162.22128944663692,790.0000000000001
1455125099.9,162.99309689572448,809.9999999999999
1455125100.7,163.69878300588005,780.0
1455125101.4,164.35230735051738,770.0000000000001
1455125102.2,164.8651972825625,770.0000000000001
1455125103.0,164.38147994642856,790.0000000000001
1455125103.8,164.01767373262282,809.9999999999999
1455125104.6,164.32383335941478,790.0000000000001
1455125105.4,165.0552841716476,790.0000000000001
1455125106.2,165.809339295386,780.0
1455125107.0,166.58527216157282,790.0000000000001
1455125107.8,167.2163271122474,800.0
1455125108.6,167.82297697417434,809.9999999999999
1455125109.4,168.54114522915398,800.0
1455125110.2,169.27981195384757,780.0
1455125111.0,170.01077376945048,800.0
1455125111.8,170.70057944797378,800.0
1455125112.6,171.39493295013742,820.0
1455125113.4,172.08026931941743,800.0
1455125114.2,172.9000013157137,780.0
1455125115.0,173.6286876923059,809.9999999999999
1455125115.8,174.36478718702625,809.9999999999999
1455125116.6,174.89228452924038,809.9999999999999
1455125117.4,175.37169913360265,790.0000000000001
1455125118.1,175.8717822197596,750.0
1455125118.9,176.6605218962761,780.0
1455125119.7,177.16691150105999,809.9999999999999
1455125120.5,177.62596625565166,790.0000000000001
1455125121.3,178.00225639827576,790.0000000000001
1455125122.1,178.7577096380766,770.0000000000001
1455125122.9,179.57203566961846,790.0000000000001
1455125123.7,180.3598466329652,809.9999999999999
1455125124.5,181.15355018198503,809.9999999999999
1455125125.3,181.38355750135705,780.0
1455125126.0,181.82963028489758,770.0000000000001
1455125126.8,182.45674019034,790.0000000000001
1455125127.6,182.15073190941536,790.0000000000001
1455125128.4,182.2588457300291,790.0000000000001
1455125129.2,182.83511533063458,770.0000000000001
1455125130.0,183.50465312079567,790.0000000000001
1455125130.8,184.14337037659007,809.9999999999999
1455125131.6,184.45587068966648,800.0
1455125132.3,184.7865685718552,770.0000000000001
1455125133.1,185.16512585248688,800.0
1455125133.9,185.39776002109642,809.9999999999999
1455125134.8,185.4161017532844,830.0000000000002
1455125135.6,185.7780007527832,809.9999999999999
1455125136.3,186.068033308582,760.0000000000001
1455125137.1,186.4242102978411,760.0000000000001
1455125137.9,184.5285857176341,770.0000000000001
1455125138.6,182.0260087936319,770.0000000000001
1455125139.4,180.6413500527929,800.0
1455125140.2,180.30636196803462,780.0
1455125141.0,180.72883521550068,750.0
1455125141.7,181.02983187148754,770.0000000000001
1455125142.5,176.9808378400967,770.0000000000001
1455125143.3,171.6335136158784,740.0000000000001
1455125144.0,168.9718240790387,730.0
1455125145.4,167.09638886340426,740.0000000000001
1455125146.2,163.785837023294,780.0
1455125147.0,161.41533831103624,800.0
1455125147.8,160.89675146803722,820.0
1455125148.6,161.3457371675795,809.9999999999999
1455125149.4,161.7539203608367,809.9999999999999
1455125150.2,162.32095248818752,760.0000000000001
1455125151.0,163.00750359964408,790.0000000000001
1455125151.8,163.2513815813002,790.0000000000001
1455125152.6,163.75622992817782,800.0
1455125153.3,164.221753925552,780.0
1455125154.1,164.61551043656598,750.0
1455125154.9,165.21721927814252,790.0000000000001
1455125155.7,165.69097365823453,790.0000000000001
1455125156.5,166.27101219208848,800.0
1455125157.3,166.884761901208,820.0
1455125158.1,167.4434562261164,809.9999999999999
1455125158.9,168.14343473132362,790.0000000000001
1455125159.7,169.12538200311482,809.9999999999999
1455125160.5,169.5124047506256,820.0
1455125161.3,170.1360112299069,800.0
1455125162.1,170.62162942203918,809.9999999999999
1455125162.9,170.88879317271676,780.0
1455125163.6,171.0474520732078,720.0
1455125164.4,170.6532495829057,760.0000000000001
1455125165.1,167.18625434136905,740.0000000000001
1455125165.9,163.98185092114878,780.0
1455125166.7,162.26440434398052,780.0
1455125167.5,162.22128944663692,790.0000000000001
1455125168.3,162.97142338926975,780.0
1455125169.0,163.62644289613397,760.0000000000001
1455125169.8,164.42505760519614,770.0000000000001
1455125170.6,165.3507750521497,780.0
1455125171.4,166.3008699965495,790.0000000000001
1455125172.1,166.99015356698598,780.0
1455125172.9,167.76242211558946,760.0000000000001
1455125173.7,168.55620531906231,770.0000000000001
1455125174.5,169.12521271201956,800.0
1455125175.3,169.66811200307106,800.0
1455125176.1,170.1515762080365,790.0000000000001
1455125176.9,170.8573179736821,790.0000000000001
1455125177.7,171.49050006986718,800.0
1455125178.5,172.25683024917234,800.0
1455125179.3,173.028674367528,800.0
1455125180.0,173.48262443959754,790.0000000000001
1455125180.8,174.3653437241395,740.0000000000001
1455125181.6,174.80891963483106,780.0
1455125182.3,174.1188151465821,780.0
1455125183.1,173.8741950351596,800.0
1455125184.0,174.21722234507752,809.9999999999999
1455125184.7,174.7098768535294,770.0000000000001
1455125185.5,175.25626363968811,740.0000000000001
1455125186.2,173.75933208602927,770.0000000000001
1455125187.0,170.87320121639527,780.0
1455125187.8,168.86397205138815,780.0
1455125188.6,168.06679475751054,790.0000000000001
1455125189.3,168.29529917117534,750.0
1455125190.1,168.84849272514094,760.0000000000001
1455125190.9,168.55642868741273,760.0000000000001
1455125191.6,167.91382174402668,750.0
1455125192.4,167.82336295623662,760.0000000000001
1455125193.1,168.2040424241182,730.0
1455125193.9,168.8169159059849,780.0
1455125194.7,169.21868435031828,780.0
1455125195.4,169.66811200307106,780.0
1455125196.2,170.25250299643852,790.0000000000001
1455125197.0,170.731938984075,770.0000000000001
1455125197.7,171.4112866794563,740.0000000000001
1455125198.5,169.6520058264687,790.0000000000001
1455125199.3,166.97557859566612,790.0000000000001
1455125200.1,166.181733127625,800.0
1455125200.9,166.2854316339573,790.0000000000001
1455125201.7,167.12591767177508,780.0
1455125202.5,167.7929339441232,780.0
1455125203.3,167.7013718503195,820.0
1455125204.1,167.73122271554183,809.9999999999999
1455125204.9,167.94496853144204,809.9999999999999
1455125205.7,168.71001824873198,780.0
1455125206.5,169.3418440974046,770.0000000000001
1455125207.2,169.85486504464097,780.0
1455125208.0,170.41796350061728,790.0000000000001
1455125208.8,171.1099936673609,790.0000000000001
1455125209.6,171.61751171153327,800.0
1455125210.4,172.14463526646253,790.0000000000001
1455125211.2,172.89945877646232,809.9999999999999
1455125212.0,173.54733665456357,830.0000000000002
1455125212.9,174.21746919034115,839.9999999999999
1455125213.7,174.89212871596214,830.0000000000002
1455125214.6,175.67121096334733,839.9999999999999
1455125215.4,176.37397610447516,809.9999999999999
1455125216.2,177.1847532140448,809.9999999999999
1455125217.0,178.05278946916144,809.9999999999999
1455125217.8,178.80926245957272,830.0000000000002
1455125218.6,179.29470775752108,809.9999999999999
1455125219.4,179.9911313915662,760.0000000000001
1455125220.2,180.4820892668274,790.0000000000001
1455125221.0,179.97421172255412,800.0
1455125221.8,178.77503839926982,820.0
1455125222.6,178.49894643974758,830.0000000000002
1455125223.4,178.89644045092987,809.9999999999999
1455125224.2,179.43340636333255,809.9999999999999
1455125225.1,179.5719343591516,830.0000000000002
1455125225.9,179.10388711136588,839.9999999999999
1455125226.7,179.00001322773429,830.0000000000002
1455125227.6,179.5198475483631,820.0
1455125228.3,179.95637373836732,780.0
1455125229.1,180.465311847138,780.0
1455125229.9,180.0608157436844,790.0000000000001
1455125230.7,179.572575994013,809.9999999999999
1455125231.5,179.6602669826751,809.9999999999999
1455125232.3,180.07844962395072,800.0
1455125233.1,180.65840019661454,740.0000000000001
1455125233.8,180.72077570646093,760.0000000000001
1455125234.6,179.0338012136561,760.0000000000001
1455125235.4,177.93340943500556,790.0000000000001
1455125236.2,177.36297882959644,800.0
1455125237.0,177.65979940155057,780.0
1455125237.8,178.15556582223545,790.0000000000001
1455125238.6,177.08307068281346,809.9999999999999
1455125239.4,174.5783686765242,800.0
1455125240.2,173.1741624152256,809.9999999999999
1455125240.9,172.9324260592949,750.0
1455125241.6,172.5769323817316,700.0000000000001
1455125242.4,169.82344937557832,750.0
1455125243.1,167.33790123286002,760.0000000000001
1455125243.9,164.7469161560625,780.0
1455125244.7,163.81443226195518,790.0000000000001
1455125245.5,163.858177269928,780.0
1455125246.3,164.732486553366,780.0
1455125247.0,165.58674099783246,750.0
1455125247.8,165.63171102785034,740.0000000000001
1455125248.5,163.2366702438436,720.0
1455125249.2,161.68351077070568,700.0000000000001
1455125249.9,161.42991097153518,700.0000000000001
1455125250.6,161.71135401152927,710.0
1455125251.3,162.47826281979297,710.0
1455125252.0,162.53477207781108,740.0000000000001
1455125252.8,160.7848048637295,740.0000000000001
1455125253.5,159.27785731612948,720.0
1455125254.2,157.9864941902231,730.0
1455125255.0,152.28341436834802,770.0000000000001
1455125255.8,148.56964922761117,800.0
1455125256.6,147.7867706887287,820.0
1455125257.4,146.6745063391326,830.0000000000002
1455125258.3,146.23472941854578,809.9999999999999
1455125259.0,146.46597580841512,770.0000000000001
1455125259.8,142.72943009287422,780.0
1455125260.6,139.4302936999483,800.0
1455125261.4,138.7201490494389,809.9999999999999
1455125262.2,139.063541041657,790.0000000000001
1455125263.0,139.70369273988442,770.0000000000001
1455125263.7,141.08758028194038,730.0
1455125264.4,142.2357933377813,740.0000000000001
1455125265.2,143.32590128789258,770.0000000000001
1455125266.0,144.2190000214757,770.0000000000001
1455125266.8,144.57894468614137,780.0
1455125267.6,145.2366894253994,790.0000000000001
1455125268.3,145.65970460650283,770.0000000000001
1455125269.1,146.22282438292743,790.0000000000001
1455125269.9,146.66302151989746,809.9999999999999
1455125270.7,147.38709825224038,800.0
1455125271.5,147.78660134958392,800.0
1455125272.3,148.37863004500196,750.0
1455125273.0,148.17727881772748,760.0000000000001
1455125273.8,146.75018783550038,770.0000000000001
1455125274.6,145.13425076843572,790.0000000000001
1455125275.4,144.86218900345528,780.0
1455125276.2,145.4135599217905,780.0
1455125276.9,146.09600799912442,750.0
1455125277.7,143.6155198206374,780.0
1455125278.5,138.4089357099969,790.0000000000001
1455125279.2,136.79345960116248,770.0000000000001
1455125280.0,136.91506046308692,770.0000000000001
1455125280.8,137.7192585246201,750.0
1455125281.5,135.4729033396743,700.0000000000001
1455125282.9,129.44048263645192,750.0
1455125283.7,129.25102627742314,830.0000000000002
1455125284.5,130.87709657703599,839.9999999999999
1455125285.4,133.40358703203665,830.0000000000002
1455125286.2,135.0082721035697,809.9999999999999
1455125287.0,136.5919008147578,830.0000000000002
1455125287.8,138.02731215597498,820.0
1455125288.6,139.0739823130022,800.0
1455125289.4,140.0418678578178,770.0000000000001
1455125290.1,140.57333082890332,740.0000000000001
1455125290.9,140.96898387495457,750.0
1455125291.6,141.4865068322909,730.0
1455125292.4,142.1923995083207,740.0000000000001
1455125293.1,142.6522066922798,750.0
1455125293.9,143.12671948359963,750.0
1455125294.6,143.4367611033006,750.0
1455125295.4,143.81547163350038,760.0000000000001
1455125296.1,141.15228505397218,760.0000000000001
1455125296.9,137.2904799751266,770.0000000000001
1455125297.7,136.7428613771605,760.0000000000001
1455125298.4,137.58652776033128,750.0
1455125299.1,138.6159865866735,730.0
1455125299.9,139.7141015779324,750.0
1455125300.6,140.573557612798,730.0
1455125301.3,141.3024627988454,720.0
1455125302.0,141.5837454887432,689.9999999999999
1455125302.8,139.9362999461676,720.0
1455125303.5,139.032185725347,720.0
1455125304.2,138.8139335577211,750.0
1455125305.0,139.5038877485805,760.0000000000001
1455125305.7,139.9040369938806,750.0
1455125306.5,140.58427067994342,730.0
1455125307.2,140.5947406851439,720.0
1455125307.9,140.6051781353644,740.0000000000001
1455125308.7,140.83020245716003,770.0000000000001
1455125309.5,141.30279183835086,770.0000000000001
1455125310.3,141.72417935284943,800.0
1455125311.0,142.24727533523682,780.0
1455125311.8,142.74049376523368,760.0000000000001
1455125312.6,143.40892146963444,790.0000000000001
1455125313.4,144.1967187006239,790.0000000000001
1455125314.2,144.8167831790439,790.0000000000001
1455125315.0,145.35624858315197,809.9999999999999
1455125315.8,145.8431729707987,809.9999999999999
1455125316.6,146.54743635012912,800.0
1455125317.4,147.0355413042676,809.9999999999999
1455125318.2,147.5512078606246,809.9999999999999
1455125319.0,147.96427731964917,809.9999999999999
1455125319.9,149.28798389669467,830.0000000000002
1455125320.7,149.6253615925348,800.0
1455125321.4,149.01214453086453,770.0000000000001
1455125322.2,146.22311608083362,790.0000000000001
1455125323.0,144.1288612256086,800.0
1455125323.8,143.10469439900905,820.0
1455125324.7,143.11015815950458,820.0
1455125325.5,143.27020545649117,800.0
1455125326.2,143.57059196411052,790.0000000000001
1455125327.1,144.1070335104427,820.0
1455125327.9,144.64673422803372,800.0
1455125328.7,145.1911769934977,790.0000000000001
1455125329.4,145.61408527876492,780.0
1455125330.2,146.26907694533094,720.0
1455125330.9,144.52353659602937,710.0
1455125331.6,136.6427966256461,730.0
1455125332.3,129.9402682767952,750.0
1455125333.1,127.84139690918278,800.0
1455125333.9,128.0711494614282,800.0
1455125334.7,128.98070646828018,800.0
1455125335.6,131.0716416814077,809.9999999999999
1455125336.3,131.9401946160076,760.0000000000001
1455125337.1,133.4322816097507,760.0000000000001
1455125337.9,134.74338694674523,780.0
1455125338.6,135.8106457014179,780.0
1455125339.4,136.8135197171921,780.0
1455125340.2,137.6786162382952,790.0000000000001
1455125341.0,138.6371484663552,790.0000000000001
1455125341.8,139.45098615682804,770.0000000000001
1455125342.5,140.09512432573538,750.0
1455125343.3,140.6375280635104,760.0000000000001
1455125344.1,141.21622609113433,790.0000000000001
1455125344.8,141.5623537926694,780.0
1455125345.6,142.2908539490655,790.0000000000001
1455125346.4,143.1151940827338,780.0
1455125347.2,143.8943358226408,780.0
1455125348.0,144.69235122817338,780.0
1455125348.8,145.38480107166032,790.0000000000001
1455125349.5,146.02752879114638,770.0000000000001
1455125350.3,146.721347423892,760.0000000000001
1455125351.1,145.84288359283477,780.0
1455125351.8,143.2486781326922,760.0000000000001
1455125352.6,141.1303666538471,720.0
1455125353.3,136.82414769220472,740.0000000000001
1455125354.1,130.3978453739098,770.0000000000001
1455125354.8,128.12398853260558,780.0
1455125355.6,128.7656152418464,770.0000000000001
1455125356.4,130.48963918346192,780.0
1455125357.2,132.24124387147717,780.0
1455125357.9,133.7409138566837,760.0000000000001
1455125358.7,135.2795619221503,770.0000000000001
1455125359.5,136.69238254726392,790.0000000000001
1455125360.3,137.9656248724265,770.0000000000001
1455125361.0,138.8446021335702,780.0
1455125361.8,139.81968511123898,780.0
1455125362.6,140.43491962928098,760.0000000000001
1455125363.3,140.9475251101924,760.0000000000001
1455125364.1,141.81140212569758,760.0000000000001
1455125364.9,142.44406736795008,770.0000000000001
1455125365.7,142.07210643606302,809.9999999999999
1455125366.5,142.00707282786502,839.9999999999999
1455125367.4,141.97460575920098,839.9999999999999
1455125368.2,142.31239098290854,830.0000000000002
1455125369.0,141.90905430819402,830.0000000000002
1455125369.9,134.6555995910746,830.0000000000002
1455125370.7,129.45885358281558,839.9999999999999
1455125371.5,128.60456137900968,800.0
1455125372.3,129.7310959185178,809.9999999999999
1455125373.1,131.47152144088517,830.0000000000002
1455125374.0,133.34582385011709,830.0000000000002
1455125374.8,135.0185152412395,850.0
1455125375.6,137.14820382188842,830.0000000000002
1455125376.5,138.1299754242419,820.0
1455125377.3,138.96988222161303,839.9999999999999
1455125378.1,139.0065444609297,839.9999999999999
1455125379.0,137.606643965601,820.0
1455125379.8,137.74984258914128,800.0
1455125380.6,138.5956480008262,820.0
1455125381.4,139.4301987992377,830.0000000000002
1455125382.3,140.243025956434,850.0
1455125383.1,140.8835891796599,859.9999999999998
1455125384.0,141.89835941149718,850.0
1455125384.8,142.7511840089115,790.0000000000001
1455125385.6,142.30156365299473,800.0
1455125386.4,141.7571618138028,830.0000000000002
1455125387.2,141.9633773612124,820.0
1455125388.0,142.49857284857262,809.9999999999999
1455125388.8,143.12671948359957,809.9999999999999
1455125389.6,143.7263605451174,809.9999999999999
1455125390.5,142.54235243667182,839.9999999999999
1455125391.3,141.4972689571535,830.0000000000002
1455125392.1,141.4106275111587,809.9999999999999
1455125392.9,141.8979263017934,790.0000000000001
1455125393.7,140.980252744963,809.9999999999999
1455125394.5,137.8630677523238,820.0
1455125395.4,136.68238213125622,820.0
1455125396.2,136.58151377783122,809.9999999999999
1455125396.9,137.2906008695395,760.0000000000001
1455125397.7,137.6781444257665,770.0000000000001
1455125398.5,136.31020213258728,780.0
1455125399.3,135.75088814676792,790.0000000000001
1455125400.0,136.3300858036544,750.0
1455125400.8,137.3312597868687,750.0
1455125401.5,138.1199965110051,760.0000000000001
1455125402.3,139.073950952019,760.0000000000001
1455125403.0,139.63009894053474,740.0000000000001
1455125403.8,138.7303877926632,760.0000000000001
1455125404.6,138.38805452566592,760.0000000000001
1455125405.3,138.8242189383197,770.0000000000001
1455125406.1,139.57721232922978,790.0000000000001
1455125406.9,140.4399447712729,740.0000000000001
1455125407.6,140.5308189209651,750.0
1455125408.4,135.9401910244665,790.0000000000001
1455125409.2,132.0341052236073,770.0000000000001
1455125409.9,131.03438370799302,760.0000000000001
1455125410.7,131.6021701802466,740.0000000000001
1455125411.4,131.98725050477458,750.0
1455125412.2,130.6276142367076,770.0000000000001
1455125412.9,130.17763901496158,760.0000000000001
1455125413.7,130.3978971947135,740.0000000000001
1455125414.4,131.23842876014518,760.0000000000001
1455125415.2,130.9789625379319,780.0
1455125416.0,129.6129340149625,780.0
1455125416.8,130.2232908027212,800.0
1455125417.6,131.22954584976978,780.0
1455125418.3,132.09984891528768,760.0000000000001
1455125419.1,133.3842725824449,780.0
1455125419.9,133.5385257353895,780.0
1455125420.7,133.57675223228938,780.0
1455125421.5,134.37154500129571,780.0
1455125422.2,135.1761640089568,760.0000000000001
1455125423.0,136.06961775482588,790.0000000000001
1455125423.8,136.15989175394992,780.0
1455125424.6,135.95020674504528,780.0
1455125425.4,136.33012278754072,790.0000000000001
1455125426.1,136.9960932432044,760.0000000000001
1455125426.9,136.8240874796311,780.0
1455125427.7,133.528535142517,800.0
1455125428.5,132.1187786727352,800.0
1455125429.3,132.3645459741818,790.0000000000001
1455125430.1,133.33623589944648,780.0
1455125430.8,132.4213502132784,710.0
1455125432.2,125.38298435386757,730.0
1455125433.0,123.2386271040868,800.0
1455125433.8,124.24735141870958,830.0000000000002
1455125434.6,125.552769622283,809.9999999999999
1455125435.4,127.33144478692587,800.0
1455125436.3,130.60959754677262,820.0
1455125437.1,130.35170316161341,809.9999999999999
1455125437.8,130.7938008489813,750.0
1455125438.6,128.73921246847198,770.0000000000001
1455125439.3,124.02246523192579,730.0
1455125440.1,123.0419724004917,750.0
1455125440.8,124.34755856600651,750.0
1455125441.6,126.20310601004951,750.0
1455125442.3,127.66509423831528,720.0
1455125443.0,128.09765489082508,750.0
1455125443.8,127.32239355415301,790.0000000000001
1455125444.7,128.0976548908251,839.9999999999999
1455125445.5,129.44083681827038,850.0
1455125446.4,130.7197576280226,839.9999999999999
1455125447.2,131.8177628839291,839.9999999999999
1455125448.0,132.86793478291662,820.0
1455125448.8,133.7793759195265,820.0
1455125449.6,134.459290109327,790.0000000000001
1455125450.4,134.8707949533819,780.0
1455125451.2,134.9393832225087,780.0
1455125452.0,135.3932911730376,790.0000000000001
1455125452.8,136.0100372329007,809.9999999999999
1455125453.6,136.56139365134638,780.0
1455125454.3,137.0365419325758,740.0000000000001
1455125455.0,135.3638546673333,730.0
1455125455.8,129.64909397247922,760.0000000000001
1455125456.6,127.471679985994,820.0
1455125457.4,128.17740400602528,820.0
1455125458.3,129.73067569748048,820.0
1455125459.1,130.7938790488176,800.0
1455125459.9,131.75215925939278,800.0
1455125460.7,132.58216085696273,800.0
1455125461.4,132.94409031710802,780.0
1455125462.2,133.59591396067032,740.0000000000001
1455125462.9,134.2354163444163,770.0000000000001
1455125463.7,135.02804089281602,780.0
1455125464.5,135.7007380875354,800.0
1455125465.3,136.28031722738064,820.0
1455125466.2,136.9047911363852,820.0
1455125467.0,137.44313156878243,820.0
1455125467.8,137.8989551902651,830.0000000000002
1455125468.7,138.20233287368782,850.0
1455125469.5,138.55372880730351,839.9999999999999
1455125470.4,139.08476880316482,859.9999999999998
1455125471.2,139.51423376224702,839.9999999999999
1455125472.0,140.03101170011422,820.0
1455125472.8,140.37106224144878,800.0
1455125473.6,140.87264773538118,809.9999999999999
1455125474.4,140.82974644660828,809.9999999999999
1455125475.3,140.530867385513,830.0000000000002
1455125476.1,140.7121138035316,820.0
1455125476.9,141.2055378523771,780.0
1455125477.7,141.1521535558074,809.9999999999999
1455125478.5,138.82385999361762,820.0
1455125479.3,137.2192365845617,760.0000000000001
1455125480.0,136.86447695178896,780.0
1455125480.8,137.0666757623424,770.0000000000001
1455125481.6,137.5965098815144,780.0
1455125482.3,138.18171422040444,730.0
1455125483.1,137.4738223632349,740.0000000000001
1455125483.8,134.37199787192372,750.0
1455125484.6,132.79131472925758,770.0000000000001
1455125485.3,132.7343348023006,740.0000000000001
1455125486.1,133.36530414476698,780.0
1455125486.9,133.74064879768224,780.0
1455125487.7,133.9535998849598,790.0000000000001
1455125488.5,134.38156984798383,780.0
1455125489.2,134.0601523474081,730.0
1455125489.9,131.4721044973798,750.0
1455125490.7,127.22640410244179,780.0
1455125491.5,125.93700368678499,790.0000000000001
1455125492.3,126.47057018396072,790.0000000000001
1455125493.1,127.70014336973888,760.0000000000001
1455125493.8,129.04362820883276,770.0000000000001
1455125494.6,128.06235102335398,780.0
1455125495.4,127.67365023344507,780.0
1455125496.2,128.6939223857175,790.0000000000001
1455125497.0,130.12291559003043,809.9999999999999
1455125497.8,131.39691213477727,770.0000000000001
1455125498.5,132.32638834831258,790.0000000000001
1455125499.4,132.53493110126863,820.0
1455125500.2,132.6581388329194,809.9999999999999
1455125501.0,133.23072655540005,809.9999999999999
1455125501.8,133.9587301024529,800.0
1455125502.6,134.6842542922524,809.9999999999999
1455125503.4,134.86073908263685,809.9999999999999
1455125504.2,134.69927983256343,809.9999999999999
1455125505.0,135.38337787698558,800.0
1455125505.8,136.06964712076712,790.0000000000001
1455125506.6,136.73824158782142,820.0
1455125507.5,136.92503055870608,830.0000000000002
1455125508.3,136.8135496070223,830.0000000000002
1455125509.1,137.38736231199394,839.9999999999999
1455125509.9,138.16109556712098,809.9999999999999
1455125510.7,138.90709352125558,809.9999999999999
1455125511.6,138.9908589534334,830.0000000000002
1455125512.4,138.70959880519212,809.9999999999999
1455125513.2,139.0217914071696,790.0000000000001
1455125513.9,139.5774978177159,740.0000000000001
1455125514.7,138.9592061832654,750.0
1455125515.5,136.98574862678473,790.0000000000001
1455125516.3,135.98507134370263,820.0
1455125517.1,136.20973485120248,850.0
1455125518.0,136.7429955839503,839.9999999999999
1455125518.8,137.39758750576894,820.0
1455125519.6,138.1815141932607,790.0000000000001
1455125520.4,138.969882221613,790.0000000000001
1455125521.2,139.6668960018974,800.0
1455125522.0,140.07329917176042,790.0000000000001
1455125522.7,140.43491962928098,780.0
1455125523.5,141.044318599456,790.0000000000001
1455125524.3,141.7242955563908,760.0000000000001
1455125525.1,142.3456462724457,780.0
1455125525.9,142.76221355558988,800.0
1455125526.7,143.23715153847857,790.0000000000001
1455125527.4,143.5370737683926,780.0
1455125528.2,143.9271591876598,800.0
1455125529.0,144.5115425765842,750.0
1455125529.8,145.06635595267412,790.0000000000001
1455125530.6,145.49901123674147,800.0
1455125531.4,145.9925445207233,820.0
1455125532.2,146.6284382398939,809.9999999999999
1455125533.0,147.23422871832602,780.0
1455125533.8,146.05044656311708,780.0
1455125534.5,142.03994046554664,760.0000000000001
1455125535.2,139.3147299956558,720.0
1455125536.0,138.18182197787422,740.0000000000001
1455125536.7,138.3054569432631,750.0
1455125537.4,139.1054946464836,710.0
1455125538.2,139.77244015048774,730.0
1455125538.9,138.6678187925322,730.0
1455125539.6,137.5865124791493,740.0000000000001
1455125540.4,137.4433586840812,770.0000000000001
1455125541.1,137.90369288478843,730.0
1455125541.9,138.52296429924021,720.0
1455125542.6,138.95931564709738,720.0
1455125543.3,137.96551773294962,740.0000000000001
1455125544.1,137.3416209204044,750.0
1455125544.9,137.647544910281,780.0
1455125545.6,138.26420428684742,780.0
1455125546.4,139.0743745560581,750.0
1455125547.2,139.84067746347282,790.0000000000001
1455125548.0,140.86186940717977,809.9999999999999
1455125548.8,141.63793594861212,809.9999999999999
1455125549.6,141.94165473292432,809.9999999999999
1455125550.4,142.57528839053822,780.0
1455125551.2,143.10452356443682,770.0000000000001
1455125551.9,142.03965659800872,790.0000000000001
1455125552.7,140.12103081562643,790.0000000000001
1455125553.5,139.72487625682038,800.0
1455125554.3,140.105387562039,770.0000000000001
1455125555.1,140.7867801201188,770.0000000000001
1455125555.9,141.56203944058672,780.0
1455125556.7,141.88741491709078,800.0
1455125557.4,142.017633410613,790.0000000000001
1455125558.2,142.4768516900604,760.0000000000001
1455125559.0,143.00510334018688,780.0
1455125559.8,143.40336392840842,790.0000000000001
1455125560.6,143.9497018965348,800.0
1455125561.4,144.5794734009363,800.0
1455125562.2,145.1684564733167,790.0000000000001
1455125562.9,145.27087735596433,780.0
1455125563.7,145.271270703576,800.0
1455125564.5,145.28234489258008,800.0
1455125565.3,145.69363938976878,770.0000000000001
1455125566.0,146.1425880965354,730.0
1455125566.8,145.9924900535652,720.0
1455125567.5,142.4001189502515,750.0
1455125568.3,138.20285607512636,809.9999999999999
1455125569.1,136.1900275041647,820.0
1455125570.0,136.07961876116423,830.0000000000002
1455125570.8,136.9655541388472,839.9999999999999
1455125571.6,137.86311342507202,820.0
1455125572.5,138.94895261946922,830.0000000000002
1455125573.3,139.91988083644708,790.0000000000001
1455125574.0,140.6696186899672,760.0000000000001
1455125574.8,141.3134717878583,740.0000000000001
1455125575.5,141.82193073901513,720.0
1455125576.2,142.3456462724457,720.0
1455125576.9,142.8282549577699,730.0
1455125577.7,143.43681271146912,750.0
1455125578.4,143.9948052066066,760.0000000000001
1455125579.2,144.8616926049514,770.0000000000001
1455125579.9,145.3393963791334,720.0
1455125580.7,144.33161358875788,760.0000000000001
1455125581.4,141.3672658716579,740.0000000000001
1455125582.2,139.38821301684612,770.0000000000001
1455125583.0,138.7721685063442,790.0000000000001
1455125583.7,139.24132614084178,760.0000000000001
1455125584.5,140.06293962644614,760.0000000000001
1455125585.3,140.2541568032118,780.0
1455125586.1,140.7014007363862,790.0000000000001
1455125586.9,141.24858638935422,800.0
1455125587.7,142.0073066137406,800.0
1455125588.4,142.707337303529,750.0
1455125589.2,143.3700184416194,800.0
1455125590.0,143.61503569105918,800.0
1455125590.8,143.89398834655475,800.0
1455125591.6,144.56762001624296,809.9999999999999
1455125592.4,145.06616013895157,780.0
1455125593.2,145.7055402232146,809.9999999999999
1455125594.0,146.39051532368111,790.0000000000001
1455125594.8,146.91896276385637,800.0
1455125595.6,147.5162958006773,809.9999999999999
1455125596.4,148.20665434578422,809.9999999999999
1455125597.2,148.831729059653,780.0
1455125598.0,149.3965179624936,820.0
1455125598.9,149.97736841353202,830.0000000000002
1455125599.7,150.53767812129468,830.0000000000002
1455125600.5,151.13975360815772,820.0
1455125601.3,151.79651143411218,790.0000000000001
1455125602.1,152.52158772394532,780.0
1455125602.9,153.07608964461198,800.0
1455125603.7,153.71802070965288,800.0
1455125604.5,154.23662098975836,800.0
1455125605.3,154.9201608308318,790.0000000000001
1455125606.1,155.57096669030796,820.0
1455125606.9,156.29327443666813,830.0000000000002
1455125607.8,157.0886902767281,839.9999999999999
1455125608.6,157.77103978361203,830.0000000000002
1455125609.4,158.4868934742429,809.9999999999999
1455125610.2,159.1406975933049,820.0
1455125611.1,159.52447644072976,830.0000000000002
1455125611.9,159.26359472360295,830.0000000000002
1455125612.7,159.25018027777648,770.0000000000001
1455125613.5,159.73099749621568,800.0
1455125614.3,160.28364872500848,809.9999999999999
1455125615.1,160.39491701915952,820.0
1455125615.9,160.7431670129101,830.0000000000002
1455125616.7,161.27483766709355,820.0
1455125617.5,161.88100229350113,790.0000000000001
1455125618.3,162.37814911426568,809.9999999999999
1455125619.2,162.12212414364842,830.0000000000002
1455125620.0,161.98004405857202,809.9999999999999
1455125620.8,162.17897134934972,809.9999999999999
1455125621.6,162.66341007405188,780.0
1455125622.4,163.193399505176,790.0000000000001
1455125623.2,163.4961954382716,800.0
1455125624.0,163.94502601133595,800.0
1455125624.7,164.30831564696615,770.0000000000001
1455125625.4,164.3523593387078,720.0
1455125626.1,161.64101845497552,700.0000000000001
1455125627.6,152.61011859306288,780.0
1455125628.4,145.95812308066857,839.9999999999999
1455125629.3,142.35608656445592,839.9999999999999
1455125630.1,142.050651555877,820.0
1455125630.9,142.34564627244572,820.0
1455125631.7,143.0048134366189,820.0
1455125632.6,144.1176419614934,830.0000000000002
1455125633.4,144.97568633270632,790.0000000000001
1455125634.1,145.6365707228892,760.0000000000001
1455125634.9,146.7791942088627,770.0000000000001
1455125635.6,146.6286770788438,750.0
1455125636.4,146.60497194189998,760.0000000000001
1455125637.1,146.59348694821242,750.0
1455125637.9,146.70995472892892,740.0000000000001
1455125638.6,147.25767813897738,720.0
1455125639.3,147.96408826040002,740.0000000000001
1455125640.1,148.7604209990954,760.0000000000001
1455125640.9,149.5166722672441,780.0
1455125641.7,150.33042191883712,800.0
1455125642.5,151.10940305933502,800.0
1455125643.3,151.8087135407556,780.0
1455125644.0,152.5093898735376,770.0000000000001
1455125644.8,153.06402183929896,780.0
1455125645.6,152.64706187881418,780.0
1455125646.4,152.2710707380087,780.0
1455125647.2,152.49677817386228,800.0
1455125647.9,152.89917128821162,770.0000000000001
1455125648.7,153.57186570385932,760.0000000000001
1455125649.5,154.31389878733282,790.0000000000001
1455125650.3,154.92011745176677,790.0000000000001
1455125651.1,155.46717307896958,800.0
1455125651.9,156.0038689532511,790.0000000000001
1455125652.6,156.47793347855338,750.0
1455125653.4,157.08254594406768,760.0000000000001
1455125654.1,157.04884243048485,750.0
1455125654.9,155.5970986975555,770.0000000000001
1455125655.7,154.77842990940619,800.0
1455125656.5,154.803986994203,790.0000000000001
1455125657.3,155.3620974947139,780.0
1455125658.1,156.04344818400597,780.0
1455125658.8,156.61051263485962,760.0000000000001
1455125659.6,157.34221235604915,750.0
1455125660.3,157.9871151969634,760.0000000000001
1455125661.1,158.60899778485498,760.0000000000001
1455125661.8,159.2091595649911,740.0000000000001
1455125662.6,159.81408191103046,750.0
1455125663.3,160.40861201457423,770.0000000000001
1455125664.1,160.88313155842164,790.0000000000001
1455125664.9,161.21917012623425,809.9999999999999
1455125665.7,161.68309167985484,770.0000000000001
1455125666.5,161.99467094091372,760.0000000000001
1455125667.3,159.56637292368598,780.0
1455125668.1,155.1409221285663,800.0
1455125668.8,152.32122781012689,770.0000000000001
1455125669.5,151.43656947181918,720.0
1455125670.3,150.7705168841816,750.0
1455125671.1,149.24013855415683,760.0000000000001
1455125671.8,148.2363146437287,750.0
1455125672.6,147.8809802914385,780.0
1455125673.3,148.55769704182336,760.0000000000001
1455125674.1,149.45648834148494,750.0
1455125674.9,150.3543971101498,780.0
1455125675.7,150.96778153308642,790.0000000000001
1455125676.5,151.63502788826298,790.0000000000001
1455125677.3,152.308121908878,800.0
1455125678.0,152.72325136142288,780.0
1455125678.8,153.26639461376772,809.9999999999999
1455125679.7,153.96698529853995,809.9999999999999
1455125680.5,154.51991644296626,809.9999999999999
1455125681.3,155.0244461076183,809.9999999999999
1455125682.1,155.68863182937588,790.0000000000001
1455125682.9,156.33283164984257,790.0000000000001
1455125683.7,156.9827566581441,820.0
1455125684.5,157.50287182042382,809.9999999999999
1455125685.3,157.98647125755522,800.0
1455125686.1,158.5959647028013,790.0000000000001
1455125686.9,159.3326696724857,790.0000000000001
1455125687.7,159.9652202161124,800.0
1455125688.5,160.47872444957875,809.9999999999999
1455125689.3,161.10697876038353,820.0
1455125690.1,161.7819852492723,780.0
1455125690.9,162.506348836175,790.0000000000001
1455125691.7,162.99309689572448,790.0000000000001
1455125692.5,163.3373904702242,800.0
1455125693.3,163.78540143086818,800.0
1455125694.0,164.0033190795318,770.0000000000001
1455125694.8,164.6589828030665,770.0000000000001
1455125695.6,164.0902960088512,800.0
1455125696.4,162.9929706611538,790.0000000000001
1455125697.2,162.00847976077262,790.0000000000001
1455125697.9,161.71184732983272,760.0000000000001
1455125698.7,160.49249113305262,750.0
1455125699.5,156.3854703857698,770.0000000000001
1455125700.2,153.8907311181352,780.0
1455125701.0,153.41899270812192,800.0
1455125701.8,153.57116871914658,790.0000000000001
1455125702.6,153.98038257102326,800.0
1455125703.4,154.545604095771,809.9999999999999
1455125704.3,154.6484395243092,830.0000000000002
1455125705.1,154.03141729388602,830.0000000000002
1455125705.9,154.12130329906387,770.0000000000001
1455125706.6,154.5839413470739,770.0000000000001
1455125707.4,154.7653268365196,790.0000000000001
1455125708.2,153.469711220735,800.0
1455125709.0,152.4585713172596,800.0
1455125709.8,152.60982804210218,780.0
1455125710.6,153.2792580702459,780.0
1455125711.4,153.74966332440565,800.0
1455125712.2,154.04428253988772,800.0
1455125713.0,154.3526235261125,800.0
1455125713.8,154.7001156713846,800.0
1455125714.5,152.66019229871358,740.0000000000001
1455125715.3,147.7515593314985,740.0000000000001
1455125716.0,143.5702468677302,720.0
1455125716.7,141.2166778107433,730.0
1455125717.5,140.72277814763157,750.0
1455125718.2,140.4879184832931,710.0
1455125718.9,141.3946078128053,700.0000000000001
1455125719.6,141.06566282153798,710.0
1455125720.3,138.4090905538937,750.0
1455125721.1,136.94540471821023,780.0
1455125721.9,136.83375900679292,790.0000000000001
1455125722.7,138.3572734538902,790.0000000000001
1455125723.5,139.73547611592159,790.0000000000001
1455125724.2,140.61576138545638,760.0000000000001
1455125725.0,141.49695498495382,780.0
1455125725.8,142.31271031857932,780.0
1455125726.6,142.98272009751832,780.0
1455125727.4,143.63698098798938,780.0
1455125728.1,144.19663127242208,770.0000000000001
1455125728.9,144.70334029977,790.0000000000001
1455125729.7,145.2024301453717,820.0
1455125730.5,145.73997994731408,790.0000000000001
1455125731.3,146.1308292538475,800.0
1455125732.1,146.61640173199675,809.9999999999999
1455125732.9,147.2111514490234,780.0
1455125733.7,147.82243380018897,800.0
1455125734.5,148.0464215880248,820.0
1455125735.4,147.97551016317482,820.0
1455125736.2,148.24828518168744,809.9999999999999
1455125737.0,148.7603441847183,820.0
1455125737.8,149.2997023783847,790.0000000000001
1455125738.6,149.79527120978494,800.0
1455125739.4,150.36690002350392,820.0
1455125740.2,150.93020377697212,809.9999999999999
1455125741.0,151.51096596025,790.0000000000001
1455125741.8,152.12086718795382,800.0
1455125742.6,152.6093513644066,790.0000000000001
1455125743.4,153.06385448692362,809.9999999999999
1455125744.2,153.59715094691728,800.0
1455125745.0,154.10794716305588,809.9999999999999
1455125745.8,154.5713345877744,790.0000000000001
1455125746.6,155.40167289468098,750.0
1455125747.3,155.2708495637454,740.0000000000001
1455125748.1,152.6224192089835,780.0
1455125748.9,150.50135986544674,780.0
1455125749.6,149.77056718172918,790.0000000000001
1455125750.5,149.7465882518622,809.9999999999999
1455125751.2,150.29366660187253,780.0
1455125752.0,150.77045692058988,780.0
1455125752.8,151.23873911111514,800.0
1455125753.6,151.65996237612836,770.0000000000001
1455125754.4,151.97064477609845,780.0
1455125755.2,152.37739168209913,800.0
1455125755.9,152.8366332059357,750.0
1455125756.7,153.2661216008143,770.0000000000001
1455125757.5,153.6097618110586,780.0
1455125758.3,153.90351105810905,790.0000000000001
1455125759.1,154.55810332752202,800.0
1455125759.8,155.0114291396757,780.0
1455125760.6,155.58434568205803,800.0
1455125761.4,154.73894836942029,800.0
1455125762.2,151.74694811330738,800.0
1455125763.0,150.1839351865981,790.0000000000001
1455125763.8,149.6737308641911,790.0000000000001
1455125764.6,149.96494664612533,750.0
1455125766.0,141.8329917425007,740.0000000000001
1455125766.8,136.58197426883038,780.0
1455125767.6,132.22267785416918,800.0
1455125768.4,129.8125118244925,800.0
1455125769.1,128.7389388241734,790.0000000000001
1455125769.9,128.76566508890008,800.0
1455125770.7,130.02218064735683,790.0000000000001
1455125771.5,131.49976681369748,800.0
1455125772.3,132.44005002972386,770.0000000000001
1455125773.0,133.36511046418642,730.0
1455125773.8,134.53784719827317,760.0000000000001
1455125774.6,135.1264536340226,780.0
1455125775.4,132.93437905827759,780.0
1455125776.1,129.6584071657601,780.0
1455125776.9,128.953768599985,790.0000000000001
1455125777.7,128.07108827071258,770.0000000000001
1455125778.5,123.5181162693153,780.0
1455125779.3,120.91290596328108,809.9999999999999
1455125780.1,120.2768666690459,809.9999999999999
1455125780.9,120.67681296449742,809.9999999999999
1455125781.7,122.0766249087527,800.0
1455125782.5,122.46419780896231,800.0
1455125783.3,120.113171390123,800.0
1455125784.1,119.66279299213713,760.0000000000001
1455125784.8,120.60595321826841,750.0
1455125785.6,122.00047161332482,770.0000000000001
1455125786.3,123.30401093090401,750.0
1455125787.0,124.29743809321741,710.0
1455125787.8,124.71584289964979,750.0
1455125788.6,122.31047765587877,780.0
1455125789.4,121.10284764731688,780.0
1455125790.2,121.1424560411116,800.0
1455125790.9,121.98814311662,780.0
1455125791.7,123.03392421796987,750.0
1455125792.4,123.09111951605708,750.0
1455125793.2,118.7650899055434,750.0
1455125793.9,116.47926777388149,760.0000000000001
1455125794.7,116.33274891708487,760.0000000000001
1455125795.5,116.75811240462828,780.0
1455125796.3,117.87306634881487,780.0
1455125797.1,119.17003890751259,790.0000000000001
1455125797.9,118.71160156550992,800.0
1455125798.7,117.45440526228208,820.0
1455125799.5,117.95560006889359,830.0000000000002
1455125800.3,119.0626874466874,800.0
1455125801.1,119.97299977443022,800.0
1455125801.9,120.40210569903832,800.0
1455125802.7,119.58550931904759,790.0000000000001
1455125803.5,119.5778886407696,800.0
1455125804.3,120.26143762272908,770.0000000000001
1455125805.0,120.99582574941843,780.0
1455125805.8,121.6676713924346,790.0000000000001
1455125806.6,122.02057449088541,800.0
1455125807.5,122.642634091396,820.0
1455125808.3,123.1400055732612,800.0
1455125809.0,123.47690654133257,780.0
1455125809.8,123.71182031775068,790.0000000000001
1455125810.6,122.52895691840251,790.0000000000001
1455125811.4,121.548023565262,800.0
1455125812.2,121.44432733459641,809.9999999999999
1455125813.0,122.02831681012381,780.0
1455125813.8,122.45619126083751,809.9999999999999
1455125814.7,121.39267765018015,839.9999999999999
1455125815.5,120.5509302156084,839.9999999999999
1455125816.3,120.05076528002519,820.0
1455125817.1,113.8587363021921,809.9999999999999
1455125817.9,109.3856853375742,809.9999999999999
1455125818.7,108.93508043601828,800.0
1455125819.5,110.2518627077374,809.9999999999999
1455125820.3,111.37915889986219,740.0000000000001
1455125821.0,106.7314010922926,750.0
1455125821.8,106.12582125947468,750.0
1455125822.6,106.92255366216988,770.0000000000001
1455125823.3,108.3360344300346,780.0
1455125824.1,107.88794994572599,790.0000000000001
1455125824.9,107.375035717721,740.0000000000001
1455125825.6,108.52334699589899,760.0000000000001
1455125826.4,109.0313378576391,750.0
1455125827.1,107.5121408920198,740.0000000000001
1455125827.9,106.5287574827228,760.0000000000001
1455125828.6,107.399979687698,740.0000000000001
1455125829.4,109.10844975636431,740.0000000000001
1455125830.1,110.6271119372249,730.0
1455125830.8,111.5400496254017,720.0
1455125831.5,112.90686887522553,740.0000000000001
1455125832.3,114.09641240338608,760.0000000000001
1455125833.1,115.38320549106052,760.0000000000001
1455125833.8,115.31127801161252,780.0
1455125834.6,115.21801920254632,770.0000000000001
1455125835.4,115.6859089864225,770.0000000000001
1455125836.2,116.29613097494509,780.0
1455125837.0,117.3946083808864,790.0000000000001
1455125837.7,117.4730029858866,790.0000000000001
1455125838.5,118.4686252113602,760.0000000000001
1455125839.2,119.30045203091193,740.0000000000001
1455125840.0,118.52197572908928,800.0
1455125842.1,111.90455159815208,890.0
